FRAPPE-CAPSPMEX_C130_20140731_R0.ict
34, 1001
Bahreini, Roya
UC- Riverside
Cavity Attenuated Phase Shift Particle Extinction Monitor (CAPS-PMex 632nm) Instrument- C130 
FRAPPE
1, 1
2014, 07, 31, 2014, 12, 26
1
RafTimeWave,UTC
1
1
-9999
ext632nm,perMm
1
N/A
18
PI_CONTACT_INFO: Phone: 951-827-4506; Address: UC- Riverside, Dept. of Environmental Sciences, 900 University Ave., Riverside, CA 92521 
PLATFORM: NSF C-130 aircraft 
LOCATION: The aircraft was stationed in Jeffco, Broomfield, Co. Location data is in AircraftPos file.
ASSOCIATED_DATA: N/A
INSTRUMENT_INFO: Massoli, P.,et al. (2012), Aerosol Sci. Technol., 44, doi:10.1080/02786821003716599
DATA_INFO: Units: Realtime 1 Hz data; units: Mm^-1
UNCERTAINTY: 3%; Detection limit at 1 Hz: 3 Mm^-1 (data lower than detection limit are kept to avoid introducing a bias in the average)
ULOD_FLAG: -7777
ULOD_VALUE: N/A
LLOD_FLAG: -8888
LLOD_VALUE: N/A
DM_CONTACT_INFO: Contact PI (roya.bahreini@ucr.edu)
PROJECT_INFO: FRAPPE ; July 16- August 17, 2014
STIPULATIONS_ON_USE: Use of these data require prior ok from PI.
OTHER_COMMENTS: N/A
REVISION: R0
R0: Final Data; Data are reported at STP (1013 hPa and 273 K) whereas RA data were reported at detector conditions; Timestamp is based on RAF time feed and any delay due to residence time in the inlet (< 1 s) is not taken into account; data sampling in clouds have not been removed.
RafTimeWave, ext632nm
[from data line 7466]
74500.0, -9999.00
74501.0, -9999.00
74502.0, -9999.00
74503.0, -9999.00
74504.0, -9999.00
74505.0, -9999.00
74506.0, -9999.00
74507.0, -9999.00
74508.0, -9999.00
74509.0, -9999.00
74510.0, -9999.00
74511.0, -9999.00
74512.0, -9999.00
74513.0, -9999.00
74514.0, -9999.00
74515.0, -9999.00
74516.0, -9999.00
74517.0, -9999.00
74518.0, -9999.00
74519.0, -9999.00
74520.0, -9999.00
74521.0, -9999.00
74522.0, -9999.00
74523.0, -9999.00
74524.0, -9999.00
74525.0, -9999.00
74526.0, -9999.00
74527.0, -9999.00
74528.0, -9999.00
74529.0, -9999.00
74530.0, -9999.00
74531.0, -9999.00
74532.0, -9999.00
74533.0, -9999.00
74534.0, -9999.00
74535.0, -9999.00
74536.0, -9999.00
74537.0, -9999.00
74538.0, -9999.00
74539.0, -9999.00
74540.0, -9999.00
74541.0, -9999.00
74542.0, -9999.00
74543.0, -9999.00
74544.0, -9999.00
74545.0, -9999.00
74546.0, -9999.00
74547.0, -9999.00
74548.0, -9999.00
74549.0, -9999.00
74550.0, -9999.00
74551.0, -9999.00
74552.0, -9999.00
74553.0, -9999.00
74554.0, -9999.00
74555.0, -9999.00
74556.0, -9999.00
74557.0, -9999.00
74558.0, -9999.00
74559.0, -9999.00
74560.0, -9999.00
74561.0, -9999.00
74562.0, -9999.00
74563.0, -9999.00
74564.0, -9999.00
74565.0, -9999.00
74566.0, -9999.00
74567.0, -9999.00
74568.0, -9999.00
74569.0, -9999.00
74570.0, -9999.00
74571.0, -9999.00
74572.0, -9999.00
74573.0, -9999.00
74574.0, -9999.00
74575.0, -9999.00
74576.0, -9999.00
74577.0, 17.44
74578.0, -9999.00
74579.0, 17.46
74580.0, 14.90
74581.0, 15.87
74582.0, 16.67
74583.0, 16.79
74584.0, 16.87
74585.0, 16.12
74586.0, 14.12
74587.0, 13.49
74588.0, 15.52
74589.0, 16.71
74590.0, 15.91
74591.0, 15.07
74592.0, 15.26
74593.0, 16.38
74594.0, 13.33
74595.0, 11.36
74596.0, 14.23
74597.0, 17.93
74598.0, 21.00
74599.0, 16.44
74600.0, 16.05
74601.0, 15.59
74602.0, 15.03
74603.0, 14.74
74604.0, 14.36
74605.0, 15.28
74606.0, 16.29
74607.0, 15.35
74608.0, 14.14
74609.0, 14.44
74610.0, 13.91
74611.0, 17.01
74612.0, 17.38
74613.0, 15.39
74614.0, 16.53
74615.0, 15.73
74616.0, 15.26
74617.0, 14.48
74618.0, 12.64
74619.0, 11.11
74620.0, 12.05
74621.0, 10.89
74622.0, 10.98
74623.0, 10.16
74624.0, 11.08
74625.0, 8.17
74626.0, 8.63
74627.0, 9.71
74628.0, 13.08
74629.0, 11.24
74630.0, 10.21
74631.0, 12.11
74632.0, 12.66
74633.0, 15.48
74634.0, 21.41
74635.0, 21.38
74636.0, 14.18
74637.0, 16.30
74638.0, 16.12
74639.0, 13.64
74640.0, 13.47
74641.0, 13.78
74642.0, 12.23
74643.0, 10.65
74644.0, 11.21
74645.0, 11.44
74646.0, 11.13
74647.0, 11.69
74648.0, 15.39
74649.0, 14.69
74650.0, 13.59
74651.0, 10.17
74652.0, 10.43
74653.0, 11.12
74654.0, 11.47
74655.0, 11.86
74656.0, 11.54
74657.0, 11.15
74658.0, 13.82
74659.0, 13.68
74660.0, 13.65
74661.0, 14.33
74662.0, 13.57
74663.0, 12.38
74664.0, 12.22
74665.0, 13.04
74666.0, 10.49
74667.0, 9.15
74668.0, 8.67
74669.0, 11.20
74670.0, 13.65
74671.0, 13.62
74672.0, 12.95
74673.0, 16.55
74674.0, 15.09
74675.0, 14.38
74676.0, 13.41
74677.0, 12.29
74678.0, 13.87
74679.0, 12.80
74680.0, 12.98
74681.0, 14.76
74682.0, 14.26
74683.0, 12.98
74684.0, 12.00
74685.0, 12.29
74686.0, 13.82
74687.0, 14.06
74688.0, 13.97
74689.0, 16.34
74690.0, 16.23
74691.0, 15.98
74692.0, 13.70
74693.0, 12.77
74694.0, 11.29
74695.0, 11.75
74696.0, 11.81
74697.0, 12.60
74698.0, 12.49
74699.0, 12.57
74700.0, 10.73
74701.0, 13.10
74702.0, 14.01
74703.0, 15.36
74704.0, 14.59
74705.0, 14.36
74706.0, 17.37
74707.0, 16.94
74708.0, 15.73
74709.0, 13.92
74710.0, 15.59
74711.0, 15.74
74712.0, 17.60
74713.0, 20.32
74714.0, 21.72
74715.0, 20.36
74716.0, 18.16
74717.0, 16.46
74718.0, 14.81
74719.0, 15.06
74720.0, 16.06
74721.0, 15.84
74722.0, 17.09
74723.0, 17.99
74724.0, 16.28
74725.0, 16.79
74726.0, 17.50
74727.0, 19.00
74728.0, 17.99
74729.0, 18.79
74730.0, 16.54
74731.0, 16.67
74732.0, 16.25
74733.0, 15.06
74734.0, 14.85
74735.0, 13.64
74736.0, 14.44
74737.0, 14.55
74738.0, 17.14
74739.0, 15.30
74740.0, 13.27
74741.0, 11.50
74742.0, 13.01
74743.0, 11.92
74744.0, 11.64
74745.0, 10.77
74746.0, 12.65
74747.0, 15.37
74748.0, 16.35
74749.0, 16.82
74750.0, 16.29
74751.0, 15.75
74752.0, 15.66
74753.0, 14.42
74754.0, 15.34
74755.0, 16.18
74756.0, 16.26
74757.0, 15.50
74758.0, 15.57
74759.0, 14.74
74760.0, 14.84
74761.0, 15.97
74762.0, 17.87
74763.0, 15.99
74764.0, 17.02
74765.0, 16.44
74766.0, 16.01
74767.0, 17.60
74768.0, 16.74
74769.0, 17.72
74770.0, 17.93
74771.0, 17.36
74772.0, 16.78
74773.0, 18.20
74774.0, 16.80
74775.0, 15.60
74776.0, 15.45
74777.0, 15.92
74778.0, 15.93
74779.0, 17.23
74780.0, 16.94
74781.0, 19.11
74782.0, 18.34
74783.0, 17.02
74784.0, 17.12
74785.0, 17.99
74786.0, 18.29
74787.0, 19.62
74788.0, -9999.00
74789.0, -9999.00
74790.0, -9999.00
74791.0, -9999.00
74792.0, -9999.00
74793.0, -9999.00
74794.0, -9999.00
74795.0, -9999.00
74796.0, -9999.00
74797.0, -9999.00
74798.0, -9999.00
74799.0, -9999.00
74800.0, -9999.00
74801.0, -9999.00
74802.0, -9999.00
74803.0, -9999.00
74804.0, -9999.00
74805.0, -9999.00
74806.0, -9999.00
74807.0, -9999.00
74808.0, -9999.00
74809.0, -9999.00
74810.0, -9999.00
74811.0, -9999.00
74812.0, -9999.00
74813.0, -9999.00
74814.0, -9999.00
74815.0, -9999.00
74816.0, -9999.00
74817.0, -9999.00
74818.0, -9999.00
74819.0, -9999.00
74820.0, -9999.00
74821.0, -9999.00
74822.0, -9999.00
74823.0, -9999.00
74824.0, -9999.00
74825.0, -9999.00
74826.0, -9999.00
74827.0, -9999.00
74828.0, -9999.00
74829.0, -9999.00
74830.0, -9999.00
74831.0, -9999.00
74832.0, -9999.00
74833.0, -9999.00
74834.0, -9999.00
74835.0, -9999.00
74836.0, -9999.00
74837.0, -9999.00
74838.0, -9999.00
74839.0, -9999.00
74840.0, -9999.00
74841.0, -9999.00
74842.0, -9999.00
74843.0, -9999.00
74844.0, -9999.00
74845.0, -9999.00
74846.0, -9999.00
74847.0, -9999.00
74848.0, -9999.00
74849.0, -9999.00
74850.0, -9999.00
74851.0, -9999.00
74852.0, -9999.00
74853.0, -9999.00
74854.0, -9999.00
74855.0, -9999.00
74856.0, -9999.00
74857.0, -9999.00
74858.0, -9999.00
74859.0, -9999.00
74860.0, -9999.00
74861.0, -9999.00
74862.0, -9999.00
74863.0, -9999.00
74864.0, -9999.00
74865.0, -9999.00
74866.0, -9999.00
74867.0, -9999.00
74868.0, -9999.00
74869.0, -9999.00
74870.0, -9999.00
74871.0, -9999.00
74872.0, -9999.00
74873.0, -9999.00
74874.0, -9999.00
74875.0, -9999.00
74876.0, -9999.00
74877.0, 15.59
74878.0, -9999.00
74879.0, 10.44
74880.0, 10.53
74881.0, 8.93
74882.0, 8.98
74883.0, 10.85
74884.0, 12.85
74885.0, 12.40
74886.0, 12.08
74887.0, 11.08
74888.0, 8.65
74889.0, 9.85
74890.0, 9.46
74891.0, 11.43
74892.0, 13.39
74893.0, 10.32
74894.0, 10.64
74895.0, 12.29
74896.0, 12.98
74897.0, 13.45
74898.0, 11.37
74899.0, 13.77
74900.0, 12.97
74901.0, 13.40
74902.0, 12.42
74903.0, 12.41
74904.0, 14.03
74905.0, 14.61
74906.0, 13.88
74907.0, 13.96
74908.0, 12.78
74909.0, 12.60
74910.0, 12.12
74911.0, 11.85
74912.0, 13.06
74913.0, 14.35
74914.0, 12.68
74915.0, 12.69
74916.0, 11.01
74917.0, 10.75
74918.0, 9.69
74919.0, 11.76
74920.0, 12.22
74921.0, 11.00
74922.0, 10.72
74923.0, 13.08
74924.0, 11.08
74925.0, 8.51
74926.0, 8.79
74927.0, 9.12
74928.0, 10.55
74929.0, 10.52
74930.0, 11.47
74931.0, 10.26
74932.0, 11.32
74933.0, 12.30
74934.0, 14.07
74935.0, 11.71
74936.0, 10.36
74937.0, 10.47
74938.0, 11.05
74939.0, 12.40
74940.0, 10.13
74941.0, 8.03
74942.0, 10.95
74943.0, 13.82
74944.0, 14.67
74945.0, 9.62
74946.0, 9.51
74947.0, 11.22
74948.0, 11.02
74949.0, 10.09
74950.0, 10.04
74951.0, 11.73
74952.0, 10.66
74953.0, 10.44
74954.0, 11.62
74955.0, 11.53
74956.0, 13.61
74957.0, 14.34
74958.0, 12.54
74959.0, 10.18
74960.0, 10.96
74961.0, 12.06
74962.0, 11.97
74963.0, 10.33
74964.0, 12.01
74965.0, 11.06
74966.0, 10.98
74967.0, 10.06
74968.0, 9.63
74969.0, 10.65
74970.0, 9.34
74971.0, 7.35
74972.0, 7.92
74973.0, 8.60
74974.0, 10.84
74975.0, 10.24
74976.0, 10.79
74977.0, 13.02
74978.0, 8.36
74979.0, 8.51
74980.0, 9.46
74981.0, 9.73
74982.0, 8.56
74983.0, 9.48
74984.0, 8.53
74985.0, 10.07
74986.0, 9.49
74987.0, 9.53
74988.0, 11.78
74989.0, 12.71
74990.0, 10.90
74991.0, 9.55
74992.0, 9.79
74993.0, 13.56
74994.0, 11.92
74995.0, 9.00
74996.0, 8.61
74997.0, 9.26
74998.0, 8.99
74999.0, 11.02
75000.0, 10.16
75001.0, 8.06
75002.0, 10.71
75003.0, 11.13
75004.0, 11.94
75005.0, 12.17
75006.0, 13.07
75007.0, 10.35
75008.0, 9.51
75009.0, 6.69
75010.0, 7.15
75011.0, 9.56
75012.0, 9.56
75013.0, 7.14
75014.0, 7.59
75015.0, 9.72
75016.0, 10.43
75017.0, 9.10
75018.0, 9.27
75019.0, 9.22
75020.0, 10.28
75021.0, 9.09
75022.0, 10.69
75023.0, 10.69
75024.0, 11.63
75025.0, 11.88
75026.0, 12.66
75027.0, 12.83
75028.0, 11.43
75029.0, 11.27
75030.0, 10.32
75031.0, 11.89
75032.0, 10.91
75033.0, 10.98
75034.0, 12.52
75035.0, 10.99
75036.0, 9.87
75037.0, 11.64
75038.0, 9.02
75039.0, 8.34
75040.0, 8.74
75041.0, 9.50
75042.0, 8.86
75043.0, 8.57
75044.0, 8.77
75045.0, 9.04
75046.0, 8.51
75047.0, 7.08
75048.0, 9.62
75049.0, 8.98
75050.0, 9.85
75051.0, 6.80
75052.0, 5.53
75053.0, 7.33
75054.0, 10.54
75055.0, 10.34
75056.0, 9.31
75057.0, 9.33
75058.0, 9.43
75059.0, 8.19
75060.0, 7.24
75061.0, 8.77
75062.0, 9.10
75063.0, 10.09
75064.0, 10.78
75065.0, 7.55
75066.0, 7.93
75067.0, 7.80
75068.0, 8.49
75069.0, 8.70
75070.0, 10.33
75071.0, 10.36
75072.0, 9.72
75073.0, 8.38
75074.0, 8.76
75075.0, 8.61
75076.0, 7.73
75077.0, 9.50
75078.0, 12.36
75079.0, 14.47
75080.0, 10.32
75081.0, 7.19
75082.0, 7.77
75083.0, 8.43
75084.0, 8.16
75085.0, 8.79
75086.0, 8.08
75087.0, -9999.00
75088.0, -9999.00
75089.0, -9999.00
75090.0, -9999.00
75091.0, -9999.00
75092.0, -9999.00
75093.0, -9999.00
75094.0, -9999.00
75095.0, -9999.00
75096.0, -9999.00
75097.0, -9999.00
75098.0, -9999.00
75099.0, -9999.00
75100.0, -9999.00
75101.0, -9999.00
75102.0, -9999.00
75103.0, -9999.00
75104.0, -9999.00
75105.0, -9999.00
75106.0, -9999.00
75107.0, -9999.00
75108.0, -9999.00
75109.0, -9999.00
75110.0, -9999.00
75111.0, -9999.00
75112.0, -9999.00
75113.0, -9999.00
75114.0, -9999.00
75115.0, -9999.00
75116.0, -9999.00
75117.0, -9999.00
75118.0, -9999.00
75119.0, -9999.00
75120.0, -9999.00
75121.0, -9999.00
75122.0, -9999.00
75123.0, -9999.00
75124.0, -9999.00
75125.0, -9999.00
75126.0, -9999.00
75127.0, -9999.00
75128.0, -9999.00
75129.0, -9999.00
75130.0, -9999.00
75131.0, -9999.00
75132.0, -9999.00
75133.0, -9999.00
75134.0, -9999.00
75135.0, -9999.00
75136.0, -9999.00
75137.0, -9999.00
75138.0, -9999.00
75139.0, -9999.00
75140.0, -9999.00
75141.0, -9999.00
75142.0, -9999.00
75143.0, -9999.00
75144.0, -9999.00
75145.0, -9999.00
75146.0, -9999.00
75147.0, -9999.00
75148.0, -9999.00
75149.0, -9999.00
75150.0, -9999.00
75151.0, -9999.00
75152.0, -9999.00
75153.0, -9999.00
75154.0, -9999.00
75155.0, -9999.00
75156.0, -9999.00
75157.0, -9999.00
75158.0, -9999.00
75159.0, -9999.00
75160.0, -9999.00
75161.0, -9999.00
75162.0, -9999.00
75163.0, -9999.00
75164.0, -9999.00
75165.0, -9999.00
75166.0, -9999.00
75167.0, -9999.00
75168.0, -9999.00
75169.0, -9999.00
75170.0, -9999.00
75171.0, -9999.00
75172.0, -9999.00
75173.0, -9999.00
75174.0, -9999.00
75175.0, -9999.00
75176.0, 13.91
75177.0, -9999.00
75178.0, 11.99
75179.0, 11.24
75180.0, 14.32
75181.0, 14.82
75182.0, 13.56
75183.0, 14.29
75184.0, 15.31
75185.0, 13.04
75186.0, 12.22
75187.0, 12.66
75188.0, 13.14
75189.0, 12.82
75190.0, 11.77
75191.0, 12.35
75192.0, 12.37
75193.0, 11.36
75194.0, 11.73
75195.0, 12.19
75196.0, 12.11
75197.0, 11.59
75198.0, 11.42
75199.0, 13.10
75200.0, 13.16
75201.0, 15.04
75202.0, 13.59
75203.0, 12.50
75204.0, 10.58
75205.0, 12.04
75206.0, 13.85
75207.0, 12.88
75208.0, 13.90
75209.0, 14.94
75210.0, 13.34
75211.0, 12.98
75212.0, 15.92
75213.0, 12.68
75214.0, 12.61
75215.0, 16.59
75216.0, 17.54
75217.0, 16.90
75218.0, 19.06
75219.0, 17.89
75220.0, 15.72
75221.0, 14.07
75222.0, 12.62
75223.0, 10.53
75224.0, 13.58
75225.0, 15.40
75226.0, 15.88
75227.0, 13.39
75228.0, 13.76
75229.0, 12.92
75230.0, 16.03
75231.0, 16.48
75232.0, 14.10
75233.0, 13.65
75234.0, 14.88
75235.0, 14.83
75236.0, 13.65
75237.0, 13.34
75238.0, 13.23
75239.0, 15.53
75240.0, 12.90
75241.0, 11.08
75242.0, 10.85
75243.0, 14.77
75244.0, 15.83
75245.0, 14.24
75246.0, 10.93
75247.0, 10.80
75248.0, 10.46
75249.0, 11.48
75250.0, 12.21
75251.0, 12.86
75252.0, 12.76
75253.0, 13.57
75254.0, 14.72
75255.0, 15.21
75256.0, 15.28
75257.0, 13.22
75258.0, 12.83
75259.0, 12.46
75260.0, 12.65
75261.0, 14.32
75262.0, 13.47
75263.0, 12.91
75264.0, 13.38
75265.0, 13.16
75266.0, 12.45
75267.0, 11.35
75268.0, 11.63
75269.0, 11.35
75270.0, 12.30
75271.0, 9.27
75272.0, 11.60
75273.0, 10.01
75274.0, 10.58
75275.0, 13.39
75276.0, 12.69
75277.0, 14.16
75278.0, 14.70
75279.0, 12.67
75280.0, 11.63
75281.0, 12.37
75282.0, 12.15
75283.0, 12.09
75284.0, 11.82
75285.0, 11.72
75286.0, 15.22
75287.0, 12.67
75288.0, 10.59
75289.0, 10.93
75290.0, 12.39
75291.0, 12.58
75292.0, 12.81
75293.0, 11.67
75294.0, 10.66
75295.0, 8.65
75296.0, 7.94
75297.0, 9.66
75298.0, 12.38
75299.0, 10.87
75300.0, 11.72
75301.0, 11.55
75302.0, 12.59
75303.0, 12.17
75304.0, 11.41
75305.0, 11.34
75306.0, 8.34
75307.0, 12.04
75308.0, 13.33
75309.0, 12.72
75310.0, 12.19
75311.0, 11.04
75312.0, 10.72
75313.0, 9.74
75314.0, 9.30
75315.0, 8.76
75316.0, 7.82
75317.0, 8.34
75318.0, 9.50
75319.0, 8.07
75320.0, 6.70
75321.0, 8.21
75322.0, 8.58
75323.0, 9.18
75324.0, 8.31
75325.0, 6.02
75326.0, 6.43
75327.0, 6.69
75328.0, 8.02
75329.0, 7.50
75330.0, 6.59
75331.0, 6.83
75332.0, 7.96
75333.0, 7.91
75334.0, 8.44
75335.0, 7.30
75336.0, 7.08
75337.0, 6.05
75338.0, 5.41
75339.0, 3.51
75340.0, 3.14
75341.0, 2.82
75342.0, 2.79
75343.0, 4.21
75344.0, 5.62
75345.0, 4.97
75346.0, 3.42
75347.0, 5.29
75348.0, 4.80
75349.0, 3.53
75350.0, 3.49
75351.0, 3.06
75352.0, 4.50
75353.0, 6.00
75354.0, 3.85
75355.0, 3.82
75356.0, 4.03
75357.0, 5.22
75358.0, 5.92
75359.0, 5.92
75360.0, 6.59
75361.0, 5.75
75362.0, 6.70
75363.0, 8.69
75364.0, 7.72
75365.0, 5.50
75366.0, 3.42
75367.0, 1.27
75368.0, 2.10
75369.0, 2.03
75370.0, 2.46
75371.0, 2.29
75372.0, 3.43
75373.0, 4.42
75374.0, 2.04
75375.0, 3.57
75376.0, 2.37
75377.0, 3.47
75378.0, 4.25
75379.0, 2.61
75380.0, 1.77
75381.0, 1.57
75382.0, 1.76
75383.0, 2.04
75384.0, 1.86
75385.0, 2.64
75386.0, 2.12
75387.0, -9999.00
75388.0, -9999.00
75389.0, -9999.00
75390.0, -9999.00
75391.0, -9999.00
75392.0, -9999.00
75393.0, -9999.00
75394.0, -9999.00
75395.0, -9999.00
75396.0, -9999.00
75397.0, -9999.00
75398.0, -9999.00
75399.0, -9999.00
75400.0, -9999.00
75401.0, -9999.00
75402.0, -9999.00
75403.0, -9999.00
75404.0, -9999.00
75405.0, -9999.00
75406.0, -9999.00
75407.0, -9999.00
75408.0, -9999.00
75409.0, -9999.00
75410.0, -9999.00
75411.0, -9999.00
75412.0, -9999.00
75413.0, -9999.00
75414.0, -9999.00
75415.0, -9999.00
75416.0, -9999.00
75417.0, -9999.00
75418.0, -9999.00
75419.0, -9999.00
75420.0, -9999.00
75421.0, -9999.00
75422.0, -9999.00
75423.0, -9999.00
75424.0, -9999.00
75425.0, -9999.00
75426.0, -9999.00
75427.0, -9999.00
75428.0, -9999.00
75429.0, -9999.00
75430.0, -9999.00
75431.0, -9999.00
75432.0, -9999.00
75433.0, -9999.00
75434.0, -9999.00
75435.0, -9999.00
75436.0, -9999.00
75437.0, -9999.00
75438.0, -9999.00
75439.0, -9999.00
75440.0, -9999.00
75441.0, -9999.00
75442.0, -9999.00
75443.0, -9999.00
75444.0, -9999.00
75445.0, -9999.00
75446.0, -9999.00
75447.0, -9999.00
75448.0, -9999.00
75449.0, -9999.00
75450.0, -9999.00
75451.0, -9999.00
75452.0, -9999.00
75453.0, -9999.00
75454.0, -9999.00
75455.0, -9999.00
75456.0, -9999.00
75457.0, -9999.00
75458.0, -9999.00
75459.0, -9999.00
75460.0, -9999.00
75461.0, -9999.00
75462.0, -9999.00
75463.0, -9999.00
75464.0, -9999.00
75465.0, -9999.00
75466.0, -9999.00
75467.0, -9999.00
75468.0, -9999.00
75469.0, -9999.00
75470.0, -9999.00
75471.0, -9999.00
75472.0, -9999.00
75473.0, -9999.00
75474.0, -9999.00
75475.0, -9999.00
75476.0, 0.29
75477.0, -9999.00
75478.0, -0.02
75479.0, 0.37
75480.0, 0.34
75481.0, -0.55
75482.0, 1.35
75483.0, 0.33
75484.0, 1.86
75485.0, 0.97
75486.0, 1.65
75487.0, -0.08
75488.0, 0.78
75489.0, 0.45
75490.0, -1.02
75491.0, 0.60
75492.0, 0.43
75493.0, -0.30
75494.0, 0.26
75495.0, -0.90
75496.0, 0.59
75497.0, -1.64
75498.0, 0.22
75499.0, 0.50
75500.0, 0.55
75501.0, 0.03
75502.0, 0.04
75503.0, -1.04
75504.0, 0.32
75505.0, -1.79
75506.0, -0.96
75507.0, -2.19
75508.0, -0.52
