frappe-C2H6_C130_20140731_R1.ict
247,1001
Alan Fried, Petter Weibring, Dirk Richter and James Walega
The University of Colorado at Boulder - INSTAAR
Ethane on the NCAR C130 Employing the Compact Atmospheric Multi-species Spectrometer (CAMS) During FRAPPE
FRAPPE
1, 1
2014, 07, 31, 2015, 2, 2
0
C2H6_Start_SOD_UTC, secondsUTC, seconds since 00:00:00 UTC
8
1, 1, 1, 1, 1, 1, 1,1
-9999,-9999,-9999,-9999,-9999,-9999,-9999,-9999
C2H6_Stop_SOD_UTC, secondsUTC, seconds since 00:00:00 UTC
C2H6_Mid_SOD_UTC, secondsUTC, seconds since 00:00:00 UTC
C2H6_pptv, pptv, 1 second data or a longer averaging period as mixing ratio by volume
C2H6_sdev, pptv, 1 second standard deviation reported as fit precisions or standard deviation over averaging time period as mixing ratio by volume
C2H6_cnt, cnt, number of measurements in averaging period
C2H6_LOD_pptv, pptv, Limit of Detection
C2H6_SMU_pptv, pptv, Systematic Measurement Uncertainty
C2H6_TMU_pptv, pptv, Total Measurement Uncertainty
204

*****************  FRAPPE Experiment Colorado Deployment  *****************



Deployment:             July 2014 - August 2014

Aircraft:              The NCAR C130 Aircraft


*****************   USE OF THIS DATA REQUIRES   *****************


USERS OF THIS DATA ARE STRONGLY ENCOURAGED TO CONTACT THE EXPERIMENTERS,
AND ANY PRESENTATION OR PUBLICATION OF THE DATA CONTAINED IN THIS FILE
SHOULD ACKNOWLEDGE THE "UNIVERSITY OF COLORADO - INSTAAR"


*****************        Data Availability *****************

		RF01	20140726
		RF02	20140727
		RF03	20140728
		RF04	20140729
		RF05	20140731
		RF06	20140802
		RF07	20140803
		RF08	20140806
		RF09	20140807
		RF10	20140808
		RF11	20140811
		RF12	20140812
		RF13	20140815
		RF14	20140816
		RF15	20140818
    


*****************   Data Reported In This File  *****************

C2H6_Start_SOD_UTC   - Start time of averaging period (seconds since 00:00:00 UTC)
C2H6_Stop_SOD_UTC    - Stop  time of averaging period (seconds since 00:00:00 UTC)
C2H6_Mid_SOD_UTC     - Mid   time of averaging period (seconds since 00:00:00 UTC)
C2H6_pptv            - C2H6 mixing ratio              (pptv)
C2H6_sdev            - Standard deviation of measurements of C2H6 mixing ratio in averaging period, for 1 sec data this is the fit precision (pptv)
C2H6_cnt             - number of measurements in averaging period
C2H6_LOD_pptv        - 1 Sigma Limit of Detection                        (pptv)
C2H6_SMU_pptv        - 1 Sigma Systematic Measurement Uncertainty        (pptv)
C2H6_TMU_pptv        - 1 Sigma Total Measurement Uncertainty             (pptv)


*****************      Principal Investigator   *****************


                       Alan Fried
                       University of Colorado - INSTAAR
             mail:     1560 30th ST, 450 UCB, Boulder CO 80309
             shipping: 1560 30th ST, 450 UCB, Boulder CO 80309
             phone:    303-492-7559
             fax:      303-492-6388
             email:    alan.fried@colorado.edu

********************************************************************************

***  Difference Frequency Generation (DFG): Data Acquisition Frequency & Data Reduction

A room temperature tunable IR laser source based upon difference frequency
generation using two different laser pairs mixed in a non-linear crystal
[...]
employ these fit precisions in our uncertainty estimates in the present data sets.
Future use of these fit precisions must first await a more comprehensive study of the relationship
between fit and replicate precision estimates as a function of the ambient levels, including ambient
methanol levels. 

The overall total uncertainty was then derived by quadrature addition of
the systematic term with the LOD, both at the 1 sigma levels.
*****************************************************************************************************************************************

21

PI_CONTACT_INFO: Address: University of Colorado - INSTAAR, 1560 30th ST, 450 UCB, Boulder, CO 80309; email: alan.fried@colorado.edu; 303-492-7559
PLATFORM: NCAR C130 Aircraft
LOCATION: Latitude, longitude and elevation data are included in the data records.
ASSOCIATED_DATA: N/A
INSTRUMENT_INFO: CAMS
DATA_INFO: See Text
UNCERTAINTY: See Text
ULOD_FLAG: -77777777
ULOD_VALUE: N/A
LLOD_FLAG: -88888888
LLOD_VALUE: N/A
DM_CONTACT_INFO: N/A
PROJECT_INFO: FRAPPE
OTHER_COMMENTS: N/A
STIPULATIONS_ON_USE: USERS OF THIS DATA ARE STRONGLY ENCOURAGED TO CONTACT THE EXPERIMENTERS, AND ANY PRESENTATION OR PUBLICATION OF THE DATA CONTAINED IN THIS FILE SHOULD ACKNOWLEDGE THE "UNIVERSITY OF COLORADO - INSTAAR"
REVISION: R1
R0: time adjustment HAS NOT BEEN DONE, MeOH correction has been made
R1: New calibration for MeOH Standard so interferance adjusted, Fit precisions inadvertantly omitted in previous version are now included

C2H6_Start_SOD_UTC, C2H6_Stop_SOD_UTC, C2H6_Mid_SOD_UTC, C2H6_pptv, C2H6_sdev, C2H6_cnt, C2H6_LOD_pptv, C2H6_SMU_pptv, C2H6_TMU_pptv
[from data line 10713]
84938,84939,84938.50,496,43,1,21,15,26
84939,84940,84939.50,482,43,1,21,14,25
84940,84941,84940.50,487,44,1,21,15,26
84941,84942,84941.50,473,42,1,21,14,25
84942,84943,84942.50,470,42,1,21,14,25
84943,84944,84943.50,478,43,1,21,14,25
84944,84945,84944.50,498,45,1,21,15,26
84945,84946,84945.50,442,46,1,21,13,25
84946,84947,84946.50,457,40,1,21,14,25
84947,84948,84947.50,437,44,1,21,13,25
84948,84949,84948.50,493,42,1,21,15,26
84949,84950,84949.50,485,38,1,21,15,26
84950,84951,84950.50,482,43,1,21,14,25
84951,84952,84951.50,452,42,1,21,14,25
84952,84953,84952.50,430,42,1,21,13,25
84953,84954,84953.50,487,45,1,21,15,26
84954,84955,84954.50,513,40,1,21,15,26
84955,84956,84955.50,456,40,1,21,14,25
84956,84957,84956.50,476,41,1,21,14,25
84957,84958,84957.50,469,41,1,21,14,25
84958,84959,84958.50,504,40,1,21,15,26
84959,84960,84959.50,503,39,1,21,15,26
84960,84961,84960.50,466,39,1,21,14,25
84961,84962,84961.50,487,41,1,21,15,26
84962,84963,84962.50,502,42,1,21,15,26
84963,84964,84963.50,482,40,1,21,14,25
84964,84965,84964.50,454,38,1,21,14,25
84965,84966,84965.50,458,38,1,21,14,25
84966,84967,84966.50,473,36,1,21,14,25
84967,84968,84967.50,492,39,1,21,15,26
84968,84969,84968.50,452,39,1,21,14,25
84969,84970,84969.50,452,37,1,21,14,25
84970,84971,84970.50,495,36,1,21,15,26
84971,84972,84971.50,478,37,1,21,14,25
84972,84973,84972.50,515,37,1,21,15,26
84973,84974,84973.50,456,38,1,21,14,25
84974,84975,84974.50,476,36,1,21,14,25
84975,84976,84975.50,483,36,1,21,14,26
84976,84977,84976.50,460,33,1,21,14,25
84977,84978,84977.50,466,36,1,21,14,25
84978,84979,84978.50,483,35,1,21,14,26
84979,84980,84979.50,462,34,1,21,14,25
84980,84981,84980.50,453,37,1,21,14,25
84981,84982,84981.50,442,36,1,21,13,25
84982,84983,84982.50,488,35,1,21,15,26
84983,84984,84983.50,434,33,1,21,13,25
84984,84985,84984.50,460,33,1,21,14,25
84985,84986,84985.50,476,32,1,21,14,25
84986,84987,84986.50,475,32,1,21,14,25
84987,84988,84987.50,481,32,1,21,14,25
84988,84989,84988.50,483,32,1,21,14,26
84989,84990,84989.50,478,32,1,21,14,25
84990,84991,84990.50,476,33,1,21,14,25
84991,84992,84991.50,464,33,1,21,14,25
84992,84993,84992.50,490,30,1,21,15,26
84993,84994,84993.50,477,32,1,21,14,25
84994,84995,84994.50,430,33,1,21,13,25
84995,84996,84995.50,452,32,1,21,14,25
84996,84997,84996.50,460,30,1,21,14,25
84997,84998,84997.50,448,34,1,21,13,25
84998,84999,84998.50,469,33,1,21,14,25
84999,85000,84999.50,461,32,1,21,14,25
85000,85001,85000.50,458,30,1,21,14,25
85001,85002,85001.50,511,32,1,21,15,26
85002,85003,85002.50,476,30,1,21,14,25
85003,85004,85003.50,515,29,1,21,15,26
85004,85005,85004.50,481,29,1,21,14,25
85005,85006,85005.50,439,30,1,21,13,25
85006,85007,85006.50,487,31,1,21,15,26
85007,85008,85007.50,466,30,1,21,14,25
85008,85009,85008.50,456,32,1,21,14,25
85009,85010,85009.50,492,29,1,21,15,26
85010,85011,85010.50,504,31,1,21,15,26
85011,85012,85011.50,444,29,1,21,13,25
85012,85013,85012.50,495,29,1,21,15,26
85013,85014,85013.50,507,30,1,21,15,26
85014,85015,85014.50,515,28,1,21,15,26
85015,85016,85015.50,565,30,1,21,17,27
85016,85017,85016.50,529,29,1,21,16,26
85017,85018,85017.50,540,28,1,21,16,27
85018,85019,85018.50,529,26,1,21,16,26
85019,85020,85019.50,527,30,1,21,16,26
85020,85021,85020.50,542,26,1,21,16,27
85021,85022,85021.50,532,29,1,21,16,26
85022,85023,85022.50,546,28,1,21,16,27
85023,85024,85023.50,557,31,1,21,17,27
85024,85025,85024.50,507,30,1,21,15,26
85025,85026,85025.50,525,30,1,21,16,26
85026,85027,85026.50,528,29,1,21,16,26
85027,85028,85027.50,523,27,1,21,16,26
85028,85029,85028.50,539,28,1,21,16,27
85029,85030,85029.50,545,29,1,21,16,27
85030,85031,85030.50,553,27,1,21,17,27
85031,85032,85031.50,536,29,1,21,16,26
85032,85033,85032.50,525,27,1,21,16,26
85033,85034,85033.50,550,29,1,21,16,27
85034,85035,85034.50,524,27,1,21,16,26
85035,85036,85035.50,553,27,1,21,17,27
85036,85037,85036.50,528,27,1,21,16,26
85037,85038,85037.50,510,27,1,21,15,26
85038,85039,85038.50,547,23,1,21,16,27
85039,85040,85039.50,573,26,1,21,17,27
85040,85041,85040.50,590,27,1,21,18,27
85041,85042,85041.50,550,27,1,21,16,27
85042,85043,85042.50,541,24,1,21,16,27
85043,85044,85043.50,552,26,1,21,17,27
85044,85045,85044.50,589,23,1,21,18,27
85045,85046,85045.50,552,26,1,21,17,27
85046,85047,85046.50,550,25,1,21,16,27
85047,85048,85047.50,564,26,1,21,17,27
85048,85049,85048.50,559,26,1,21,17,27
85049,85050,85049.50,579,23,1,21,17,27
85050,85051,85050.50,553,24,1,21,17,27
85051,85052,85051.50,509,23,1,21,15,26
85052,85053,85052.50,575,20,1,21,17,27
85053,85054,85053.50,487,19,1,21,15,26
85054,85055,85054.50,533,18,1,21,16,26
85055,85056,85055.50,486,20,1,21,15,26
85056,85057,85056.50,511,17,1,21,15,26
85057,85058,85057.50,512,19,1,21,15,26
85058,85059,85058.50,539,16,1,21,16,27
85059,85060,85059.50,522,22,1,21,16,26
85060,85061,85060.50,524,21,1,21,16,26
85061,85062,85061.50,495,21,1,21,15,26
85062,85063,85062.50,498,18,1,21,15,26
85063,85064,85063.50,464,22,1,21,14,25
85064,85065,85064.50,530,19,1,21,16,26
85065,85066,85065.50,534,18,1,21,16,26
85066,85067,85066.50,503,15,1,21,15,26
85067,85068,85067.50,522,21,1,21,16,26
85068,85069,85068.50,529,19,1,21,16,26
85069,85070,85069.50,563,21,1,21,17,27
85070,85071,85070.50,603,22,1,21,18,28
85071,85072,85071.50,606,20,1,21,18,28
85072,85073,85072.50,638,20,1,21,19,28
85073,85074,85073.50,625,21,1,21,19,28
85074,85075,85074.50,589,16,1,21,18,27
85075,85076,85075.50,590,19,1,21,18,27
85076,85077,85076.50,621,19,1,21,19,28
85077,85078,85077.50,630,20,1,21,19,28
85078,85079,85078.50,647,18,1,21,19,29
85079,85080,85079.50,630,19,1,21,19,28
85080,85081,85080.50,623,21,1,21,19,28
85081,85082,85081.50,603,20,1,21,18,28
85082,85083,85082.50,560,20,1,21,17,27
85083,85084,85083.50,568,19,1,21,17,27
85084,85085,85084.50,578,18,1,21,17,27
85085,85086,85085.50,596,17,1,21,18,28
85086,85087,85086.50,568,19,1,21,17,27
85087,85088,85087.50,553,18,1,21,17,27
85088,85089,85088.50,518,19,1,21,16,26
85089,85090,85089.50,549,20,1,21,16,27
85090,85091,85090.50,581,18,1,21,17,27
85091,85092,85091.50,636,17,1,21,19,28
85092,85093,85092.50,596,21,1,21,18,28
85093,85094,85093.50,633,16,1,21,19,28
85094,85095,85094.50,624,19,1,21,19,28
85095,85096,85095.50,605,20,1,21,18,28
85096,85097,85096.50,578,20,1,21,17,27
85097,85098,85097.50,568,18,1,21,17,27
85098,85099,85098.50,552,16,1,21,17,27
85099,85100,85099.50,504,14,1,21,15,26
85100,85101,85100.50,498,19,1,21,15,26
85101,85102,85101.50,513,18,1,21,15,26
85102,85103,85102.50,470,18,1,21,14,25
85103,85104,85103.50,490,14,1,21,15,26
85104,85105,85104.50,446,17,1,21,13,25
85105,85106,85105.50,491,16,1,21,15,26
85106,85107,85106.50,505,14,1,21,15,26
85107,85108,85107.50,472,15,1,21,14,25
85108,85109,85108.50,452,16,1,21,14,25
85109,85110,85109.50,490,14,1,21,15,26
85110,85111,85110.50,508,13,1,21,15,26
85111,85112,85111.50,480,16,1,21,14,25
85112,85113,85112.50,502,17,1,21,15,26
85113,85114,85113.50,505,16,1,21,15,26
85114,85115,85114.50,437,15,1,21,13,25
85115,85116,85115.50,520,14,1,21,16,26
85116,85117,85116.50,485,13,1,21,15,26
85117,85118,85117.50,496,16,1,21,15,26
85118,85119,85118.50,479,12,1,21,14,25
85119,85120,85119.50,500,19,1,21,15,26
85120,85121,85120.50,477,15,1,21,14,25
85121,85122,85121.50,521,14,1,21,16,26
85122,85123,85122.50,520,13,1,21,16,26
85123,85124,85123.50,576,14,1,21,17,27
85124,85125,85124.50,594,14,1,21,18,28
85125,85126,85125.50,592,16,1,21,18,28
85126,85127,85126.50,573,15,1,21,17,27
85127,85128,85127.50,554,16,1,21,17,27
85128,85129,85128.50,534,17,1,21,16,26
85129,85130,85129.50,559,17,1,21,17,27
85130,85131,85130.50,561,16,1,21,17,27
85131,85132,85131.50,523,15,1,21,16,26
85132,85133,85132.50,537,17,1,21,16,26
85133,85134,85133.50,550,14,1,21,16,27
85134,85135,85134.50,583,16,1,21,17,27
85135,85136,85135.50,566,16,1,21,17,27
85136,85137,85136.50,522,15,1,21,16,26
85137,85138,85137.50,482,14,1,21,14,25
85138,85139,85138.50,462,14,1,21,14,25
85139,85140,85139.50,467,14,1,21,14,25
85140,85141,85140.50,457,14,1,21,14,25
85141,85142,85141.50,451,13,1,21,14,25
85142,85143,85142.50,483,14,1,21,14,26
85143,85144,85143.50,448,13,1,21,13,25
85144,85145,85144.50,491,15,1,21,15,26
85145,85146,85145.50,543,14,1,21,16,27
85146,85147,85146.50,558,15,1,21,17,27
85147,85148,85147.50,542,13,1,21,16,27
85148,85149,85148.50,491,13,1,21,15,26
85149,85150,85149.50,438,16,1,21,13,25
85150,85151,85150.50,474,17,1,21,14,25
85151,85152,85151.50,433,15,1,21,13,25
85152,85153,85152.50,459,15,1,21,14,25
85153,85154,85153.50,454,13,1,21,14,25
85154,85155,85154.50,420,14,1,21,13,24
85155,85156,85155.50,468,15,1,21,14,25
85156,85157,85156.50,477,12,1,21,14,25
85157,85158,85157.50,489,14,1,21,15,26
85158,85159,85158.50,445,13,1,21,13,25
85159,85160,85159.50,435,12,1,21,13,25
85160,85161,85160.50,425,12,1,21,13,25
85161,85162,85161.50,427,15,1,21,13,25
85162,85163,85162.50,421,13,1,21,13,25
85163,85164,85163.50,433,11,1,21,13,25
85164,85165,85164.50,435,14,1,21,13,25
85165,85166,85165.50,417,14,1,21,13,24
85166,85167,85166.50,428,12,1,21,13,25
85167,85168,85167.50,457,14,1,21,14,25
85168,85169,85168.50,415,13,1,21,12,24
85169,85170,85169.50,441,16,1,21,13,25
85170,85171,85170.50,441,15,1,21,13,25
85171,85172,85171.50,484,14,1,21,15,26
85172,85173,85172.50,479,14,1,21,14,25
85173,85174,85173.50,491,17,1,21,15,26
85174,85175,85174.50,482,16,1,21,14,25
85175,85176,85175.50,483,16,1,21,14,26
85176,85177,85176.50,480,14,1,21,14,25
85177,85178,85177.50,504,12,1,21,15,26
85178,85179,85178.50,477,14,1,21,14,25
85179,85180,85179.50,477,13,1,21,14,25
85180,85181,85180.50,452,16,1,21,14,25
85181,85182,85181.50,461,15,1,21,14,25
85182,85183,85182.50,482,11,1,21,14,25
85183,85184,85183.50,444,14,1,21,13,25
85184,85185,85184.50,446,15,1,21,13,25
85185,85186,85185.50,471,14,1,21,14,25
85186,85187,85186.50,411,15,1,21,12,24
85187,85188,85187.50,446,14,1,21,13,25
85188,85189,85188.50,404,14,1,21,12,24
85189,85190,85189.50,423,13,1,21,13,25
85190,85191,85190.50,454,18,1,21,14,25
85191,85192,85191.50,442,16,1,21,13,25
85230,85231,85230.50,492,15,1,21,15,26
85231,85232,85231.50,487,15,1,21,15,26
85232,85233,85232.50,485,15,1,21,15,26
85233,85234,85233.50,500,15,1,21,15,26
85234,85235,85234.50,458,17,1,21,14,25
85235,85236,85235.50,495,18,1,21,15,26
85236,85237,85236.50,484,15,1,21,15,26
85237,85238,85237.50,508,19,1,21,15,26
85238,85239,85238.50,497,17,1,21,15,26
85239,85240,85239.50,490,17,1,21,15,26
85240,85241,85240.50,503,18,1,21,15,26
85241,85242,85241.50,544,16,1,21,16,27
85242,85243,85242.50,524,19,1,21,16,26
85243,85244,85243.50,503,20,1,21,15,26
85244,85245,85244.50,513,20,1,21,15,26
85245,85246,85245.50,495,18,1,21,15,26
85246,85247,85246.50,509,16,1,21,15,26
85247,85248,85247.50,561,17,1,21,17,27
85248,85249,85248.50,512,18,1,21,15,26
85249,85250,85249.50,506,17,1,21,15,26
85250,85251,85250.50,520,19,1,21,16,26
85251,85252,85251.50,494,15,1,21,15,26
85252,85253,85252.50,501,16,1,21,15,26
85253,85254,85253.50,474,18,1,21,14,25
85254,85255,85254.50,493,20,1,21,15,26
85255,85256,85255.50,469,21,1,21,14,25
85256,85257,85256.50,522,19,1,21,16,26
85257,85258,85257.50,523,17,1,21,16,26
85258,85259,85258.50,528,18,1,21,16,26
85259,85260,85259.50,500,18,1,21,15,26
85260,85261,85260.50,522,17,1,21,16,26
85261,85262,85261.50,528,16,1,21,16,26
85262,85263,85262.50,462,17,1,21,14,25
85263,85264,85263.50,498,18,1,21,15,26
85264,85265,85264.50,519,22,1,21,16,26
85265,85266,85265.50,538,18,1,21,16,26
85266,85267,85266.50,496,18,1,21,15,26
85267,85268,85267.50,501,16,1,21,15,26
85268,85269,85268.50,490,16,1,21,15,26
85269,85270,85269.50,474,19,1,21,14,25
85270,85271,85270.50,497,17,1,21,15,26
85271,85272,85271.50,519,17,1,21,16,26
85272,85273,85272.50,518,16,1,21,16,26
85273,85274,85273.50,512,19,1,21,15,26
85274,85275,85274.50,560,18,1,21,17,27
85275,85276,85275.50,561,13,1,21,17,27
85276,85277,85276.50,551,17,1,21,17,27
85277,85278,85277.50,521,17,1,21,16,26
85278,85279,85278.50,524,19,1,21,16,26
85279,85280,85279.50,543,19,1,21,16,27
85280,85281,85280.50,549,22,1,21,16,27
85281,85282,85281.50,525,21,1,21,16,26
85282,85283,85282.50,556,21,1,21,17,27
85283,85284,85283.50,526,18,1,21,16,26
85284,85285,85284.50,526,21,1,21,16,26
85285,85286,85285.50,571,21,1,21,17,27
85286,85287,85286.50,543,21,1,21,16,27
85287,85288,85287.50,526,19,1,21,16,26
85288,85289,85288.50,517,21,1,21,16,26
85289,85290,85289.50,524,18,1,21,16,26
85290,85291,85290.50,508,21,1,21,15,26
85291,85292,85291.50,515,21,1,21,15,26
85292,85293,85292.50,546,20,1,21,16,27
85293,85294,85293.50,525,21,1,21,16,26
85294,85295,85294.50,505,23,1,21,15,26
85295,85296,85295.50,509,21,1,21,15,26
85296,85297,85296.50,539,21,1,21,16,27
85297,85298,85297.50,554,21,1,21,17,27
85298,85299,85298.50,504,21,1,21,15,26
85299,85300,85299.50,500,21,1,21,15,26
85300,85301,85300.50,516,20,1,21,15,26
85301,85302,85301.50,540,22,1,21,16,27
85302,85303,85302.50,525,21,1,21,16,26
85303,85304,85303.50,560,19,1,21,17,27
85304,85305,85304.50,557,19,1,21,17,27
85305,85306,85305.50,527,22,1,21,16,26
85306,85307,85306.50,540,20,1,21,16,27
85307,85308,85307.50,505,19,1,21,15,26
85308,85309,85308.50,537,22,1,21,16,26
85309,85310,85309.50,506,20,1,21,15,26
85310,85311,85310.50,563,22,1,21,17,27
85311,85312,85311.50,554,23,1,21,17,27
85312,85313,85312.50,545,20,1,21,16,27
85313,85314,85313.50,550,19,1,21,16,27
85314,85315,85314.50,561,17,1,21,17,27
85315,85316,85315.50,586,17,1,21,18,27
85316,85317,85316.50,584,17,1,21,18,27
85317,85318,85317.50,602,14,1,21,18,28
85318,85319,85318.50,577,18,1,21,17,27
85319,85320,85319.50,516,19,1,21,15,26
85320,85321,85320.50,559,19,1,21,17,27
85321,85322,85321.50,557,15,1,21,17,27
85322,85323,85322.50,643,14,1,21,19,29
85323,85324,85323.50,617,17,1,21,19,28
85324,85325,85324.50,642,17,1,21,19,28
85325,85326,85325.50,645,13,1,21,19,29
85326,85327,85326.50,640,13,1,21,19,28
85327,85328,85327.50,624,14,1,21,19,28
85328,85329,85328.50,594,13,1,21,18,28
85329,85330,85329.50,618,13,1,21,19,28
85330,85331,85330.50,567,16,1,21,17,27
85331,85332,85331.50,606,15,1,21,18,28
85332,85333,85332.50,588,14,1,21,18,27
85333,85334,85333.50,582,16,1,21,17,27
85334,85335,85334.50,627,16,1,21,19,28
85335,85336,85335.50,616,12,1,21,18,28
85336,85337,85336.50,635,14,1,21,19,28
85337,85338,85337.50,635,13,1,21,19,28
85338,85339,85338.50,629,14,1,21,19,28
85339,85340,85339.50,639,15,1,21,19,28
85340,85341,85340.50,604,13,1,21,18,28
85341,85342,85341.50,573,16,1,21,17,27
85342,85343,85342.50,556,13,1,21,17,27
85343,85344,85343.50,544,16,1,21,16,27
85344,85345,85344.50,510,18,1,21,15,26
85345,85346,85345.50,547,16,1,21,16,27
85346,85347,85346.50,555,14,1,21,17,27
85347,85348,85347.50,560,17,1,21,17,27
85348,85349,85348.50,610,16,1,21,18,28
85349,85350,85349.50,640,14,1,21,19,28
85350,85351,85350.50,629,13,1,21,19,28
85351,85352,85351.50,652,12,1,21,20,29
85352,85353,85352.50,647,14,1,21,19,29
85353,85354,85353.50,590,12,1,21,18,27
85354,85355,85354.50,603,15,1,21,18,28
85355,85356,85355.50,592,12,1,21,18,28
85356,85357,85356.50,619,14,1,21,19,28
85357,85358,85357.50,605,14,1,21,18,28
85358,85359,85358.50,564,14,1,21,17,27
85359,85360,85359.50,619,15,1,21,19,28
85360,85361,85360.50,598,15,1,21,18,28
85361,85362,85361.50,614,13,1,21,18,28
85362,85363,85362.50,645,16,1,21,19,29
85363,85364,85363.50,636,13,1,21,19,28
85364,85365,85364.50,612,13,1,21,18,28
85365,85366,85365.50,615,14,1,21,18,28
85366,85367,85366.50,638,14,1,21,19,28
85367,85368,85367.50,612,13,1,21,18,28
85368,85369,85368.50,616,16,1,21,18,28
85369,85370,85369.50,665,15,1,21,20,29
85370,85371,85370.50,626,13,1,21,19,28
85371,85372,85371.50,636,15,1,21,19,28
85372,85373,85372.50,632,15,1,21,19,28
85373,85374,85373.50,618,16,1,21,19,28
85374,85375,85374.50,583,15,1,21,17,27
85375,85376,85375.50,580,17,1,21,17,27
85376,85377,85376.50,587,19,1,21,18,27
85377,85378,85377.50,585,20,1,21,18,27
85378,85379,85378.50,576,17,1,21,17,27
85379,85380,85379.50,574,14,1,21,17,27
85380,85381,85380.50,604,17,1,21,18,28
85381,85382,85381.50,589,15,1,21,18,27
85382,85383,85382.50,613,15,1,21,18,28
85383,85384,85383.50,576,15,1,21,17,27
85384,85385,85384.50,599,14,1,21,18,28
