frappe-C130-PAN_C130_20140731_R0.ict
34, 1001
 Kaser, L.; Flocke, F.M.; Shertz, S.;
NCAR
NCAR PAN-CIMS
FRAPPE
1, 1
2014, 07, 31, 2014, 12, 27
0
Start_UTC, seconds,
3
1,1,1
-9999,-9999,-9999
Stop_UTC, seconds,
PAN, pptv,
PPN, pptv,
0
17
PI_CONTACT_INFO: kaser@ucar.edu, ffl@ucar.edu
PLATFORM: NCAR C130
LOCATION: Latitude, Longitude and Altitude of the C130 can be obtained from other files
ASSOCIATED_DATA: N/A
INSTRUMENT_INFO: PAN-CIMS
DATA_INFO: units are given in pptv
UNCERTAINTY: 13%
ULOD_FLAG: N/A
ULOD_VALUE: N/A
LLOD_FLAG: N/A
LLOD_VALUE: 10pptv
DM_CONTACT_INFO: N/A
PROJECT_INFO: FRAPPE
STIPULATIONS_ON_USE: FINAL DATA. Please contact PI before use/presentation/publication, acknowledge the data source and offer co-authorship to relevant instrument PIs when appropriate.
OTHER_COMMENTS: N/A
REVISION: R0
Start_UTC, Stop_UTC,PAN,PPN
[from data line 8181]
88061, 88062, 410.5114, 131.9538
88063, 88064, 356.1938, 126.5006
88065, 88066, 334.3252, 124.5387
88067, 88068, 410.9902, 122.0639
88069, 88070, 444.6677, 156.4834
88071, 88072, 380.9930, 124.2879
88073, 88074, 402.6467, 142.5059
88075, 88076, 414.7811, 119.4967
88077, 88078, 491.8208, 126.2863
88079, 88080, 448.5389, 138.1088
88081, 88082, 443.9039, 123.3082
88083, 88084, 477.9204, 156.0866
88085, 88086, 430.0644, 115.2696
88087, 88088, 413.9877, 147.4444
88089, 88090, 427.4145, 144.4755
88091, 88092, 387.5112, 135.2054
88093, 88094, 403.8640, 143.0684
88095, 88096, 430.7653, 136.9429
88097, 88098, 475.5904, 135.8009
88099, 88100, 348.4403, 134.7468
88101, 88102, 543.4957, 143.5159
88103, 88104, 510.1512, 154.7683
88105, 88106, 462.3777, 171.9532
88107, 88108, 504.6201, 141.1144
88109, 88110, 440.5751, 117.0240
88111, 88112, 452.7453, 134.9062
88113, 88114, 391.2218, 134.6099
88115, 88116, 498.4264, 145.1982
88117, 88118, 357.2864, 126.3472
88119, 88120, 405.5468, 141.2488
88121, 88122, 394.5368, 137.0373
88123, 88124, 364.0543, 117.5984
88125, 88126, 471.0298, 138.9060
88127, 88128, 428.2393, 100.4251
88129, 88130, 456.8503, 128.6290
88131, 88132, 423.8393, 145.6146
88133, 88134, 406.8806, 148.1453
88135, 88136, 453.0409, 160.3870
88137, 88138, 410.5809, 129.9989
88139, 88140, 441.3724, 145.5827
88141, 88142, 416.0036, 132.2639
88143, 88144, 461.7478, 142.2220
88145, 88146, 417.6801, 128.6958
88147, 88148, 388.6623, 127.8846
88149, 88150, 428.5045, 135.5419
88151, 88152, 383.0005, 140.9259
88153, 88154, 472.5970, 150.1804
88155, 88156, 470.8089, 132.7994
88157, 88158, 464.9751, 155.1646
88159, 88160, 433.4180, 130.4626
88161, 88162, 469.4213, 145.8880
88163, 88164, 476.5631, 143.7479
88165, 88166, 452.7200, 144.5860
88167, 88168, 420.8711, 135.6393
88169, 88170, 431.2086, 133.4026
88171, 88172, 475.7914, 142.9452
88173, 88174, 440.2322, 111.2557
88175, 88176, 466.5334, 156.4254
88177, 88178, 431.0242, 128.2141
88179, 88180, 412.9767, 142.1563
88181, 88182, 391.5047, 141.7429
88183, 88184, 355.4015, 138.2648
88185, 88186, 403.8158, 133.2209
88187, 88188, 398.6887, 131.3131
88189, 88190, 481.0514, 142.2333
88191, 88192, 386.0165, 131.1443
88193, 88194, 427.0085, 148.7402
88195, 88196, 356.4275, 144.7831
88197, 88198, 416.1241, 150.6822
88199, 88200, 401.7554, 126.4101
88201, 88202, 399.7776, 122.9254
88203, 88204, 443.1680, 128.6916
88205, 88206, 444.7061, 117.8090
88207, 88208, 365.1097, 145.5305
88209, 88210, 464.3012, 120.1606
88211, 88212, 434.3830, 113.1005
88213, 88214, 366.0917, 127.6515
88215, 88216, 411.1082, 125.3493
88217, 88218, 391.5837, 115.9077
88219, 88220, 406.0482, 127.3341
88221, 88222, 415.9065, 130.1571
88223, 88224, 434.5963, 144.7900
88225, 88226, 405.2788, 150.6047
88227, 88228, 424.1289, 149.9747
88229, 88230, 395.1213, 140.2438
88231, 88232, 436.5985, 124.9893
88233, 88234, 416.0580, 132.6025
88235, 88236, 371.8830, 144.7971
88237, 88238, 377.8934, 135.8994
88239, 88240, 439.7889, 129.4306
88241, 88242, 404.9886, 148.2361
88243, 88244, 421.8666, 145.2150
88245, 88246, 438.1013, 132.8044
88247, 88248, 484.3675, 153.5268
88249, 88250, 448.5098, 141.5872
88251, 88252, 390.1860, 144.4204
88253, 88254, 418.2889, 137.3198
88255, 88256, 409.2466, 112.9962
88257, 88258, 382.2663, 114.0078
88259, 88260, 475.4051, 127.5548
88261, 88262, 476.1755, 135.6482
88263, 88264, 458.8243, 144.4848
88265, 88266, 379.1265, 117.0808
88267, 88268, 430.7339, 146.5757
88269, 88270, 509.9186, 128.1684
88271, 88272, 403.4607, 115.3722
88273, 88274, 435.3566, 133.1453
88275, 88276, 462.2566, 136.2114
88277, 88278, 464.1449, 119.7151
88279, 88280, 455.1439, 132.6473
88281, 88282, 375.7965, 101.4195
88283, 88284, 500.9322, 148.3206
88285, 88286, 483.3453, 117.7477
88287, 88288, 547.4101, 135.1000
88289, 88290, 443.0237, 139.1101
88291, 88292, 382.4617, 132.3122
88293, 88294, 447.8594, 135.3907
88295, 88296, 406.9559, 126.9511
88297, 88298, 399.7476, 156.9357
88299, 88300, 347.7359, 125.3418
88301, 88302, 395.6476, 160.2791
88303, 88304, 445.8005, 139.0683
88305, 88306, 414.2621, 120.1014
88307, 88308, 383.6018, 119.0587
88309, 88310, 343.6341, 135.9539
88311, 88312, 432.2232, 131.1006
88313, 88314, 427.1528, 134.0759
88315, 88316, 401.0452, 128.6723
88317, 88318, 434.8282, 124.7139
88319, 88320, 421.9843, 124.9657
88321, 88322, 370.4214, 124.8955
88323, 88324, 515.8099, 130.4873
88325, 88326, 438.5941, 114.9748
88327, 88328, 517.7815, 138.6877
88329, 88330, 419.0494, 133.2150
88331, 88332, 385.3175, 137.4948
88333, 88334, 460.5075, 112.1591
88335, 88336, 403.2910, 137.1115
88337, 88338, 394.4371, 142.1205
88339, 88340, 363.7233, 122.0334
88341, 88342, 478.2412, 110.9997
88343, 88344, 386.1597, 150.1541
88345, 88346, 448.2462, 155.4630
88347, 88348, 415.4382, 133.2481
88349, 88350, 417.1913, 168.0097
88351, 88352, 376.0307, 124.4035
88353, 88354, 390.4244, 135.0944
88355, 88356, 376.5044, 121.4150
88357, 88358, 413.9075, 128.9473
88359, 88360, 440.4871, 119.6906
88361, 88362, 380.5907, 115.1600
88363, 88364, 430.0374, 129.9632
88365, 88366, 444.7193, 150.0921
88367, 88368, 455.3825, 136.3484
88369, 88370, 436.3857, 123.7431
88371, 88372, 429.5081, 130.2299
88373, 88374, 441.3338, 122.3490
88375, 88376, 384.6084, 126.1829
88377, 88378, 421.9160, 129.3508
88379, 88380, 388.4351, 123.6291
88381, 88382, 425.9597, 152.3054
88383, 88384, 404.9762, 118.2193
88385, 88386, 374.0733, 119.0879
88387, 88388, 432.1512, 134.3552
88389, 88390, 439.5838, 112.4011
88391, 88392, 414.4217, 150.3290
88393, 88394, 391.8193, 125.1832
88395, 88396, 427.7852, 115.8372
88397, 88398, 432.9490, 132.3521
88399, 88400, 434.3136, 133.5930
88401, 88402, 402.2524, 146.9341
88403, 88404, 400.4048, 157.6031
88405, 88406, 447.5440, 128.6620
88407, 88408, 387.4144, 127.8247
88409, 88410, 410.0718, 114.2890
88411, 88412, 352.1114, 110.3654
88413, 88414, 423.5833, 126.5783
88415, 88416, 367.2888, 143.8747
88417, 88418, 404.4999, 126.9922
88419, 88420, 432.7669, 167.3929
88421, 88422, 463.7272, 130.3396
88423, 88424, 397.7330, 120.4318
88425, 88426, 412.1634, 147.2307
88427, 88428, 447.4249, 165.8030
88429, 88430, 417.3665, 128.6977
88431, 88432, 420.0005, 128.9190
88433, 88434, 413.9136, 128.1041
88435, 88436, 441.5753, 115.4888
88437, 88438, 387.6515, 118.0804
88439, 88440, 365.3704, 127.6353
88441, 88442, 425.4347, 131.8669
88443, 88444, 394.7856, 160.0951
88445, 88446, 434.4012, 114.1982
88447, 88448, 417.4745, 127.2321
88449, 88450, 452.5402, 140.9396
88451, 88452, 395.0984, 137.1786
88453, 88454, 414.1121, 145.5384
88455, 88456, 450.4742, 140.4125
88457, 88458, 388.2012, 138.3794
88459, 88460, 382.4983, 135.8274
88461, 88462, 438.3466, 120.0430
88463, 88464, 455.8152, 140.9168
88465, 88466, 391.1979, 161.5123
88467, 88468, 410.6027, 165.4715
88469, 88470, 418.4561, 146.7899
88471, 88472, 389.9630, 149.2737
88473, 88474, 375.5353, 120.5838
88475, 88476, 529.8836, 146.9183
88477, 88478, 364.2883, 123.3853
88479, 88480, 429.1658, 137.7352
88481, 88482, 436.9259, 137.9920
88483, 88484, 394.6799, 128.0823
88485, 88486, 400.1570, 140.0492
88487, 88488, 417.5825, 168.9269
88489, 88490, 393.7757, 142.0166
88491, 88492, 448.7177, 139.0805
88493, 88494, 391.2521, 146.2926
88495, 88496, 429.8742, 140.6093
88497, 88498, 430.0267, 130.3366
88499, 88500, 435.5585, 154.2743
88501, 88502, 395.5045, 151.9594
88503, 88504, 424.2489, 161.7262
88505, 88506, 422.3961, 150.6310
88507, 88508, 412.6018, 152.9715
88509, 88510, 459.9516, 140.4152
88511, 88512, 436.2504, 133.8038
88513, 88514, 376.3724, 118.2724
88515, 88516, 433.9304, 146.2717
88517, 88518, 464.3476, 115.2095
88519, 88520, 445.1820, 133.2360
88521, 88522, 458.8366, 155.0140
88523, 88524, 418.0446, 137.8209
88525, 88526, 384.2031, 106.1519
88527, 88528, 408.9698, 146.1415
88529, 88530, 407.6076, 133.4677
88531, 88532, 388.1749, 146.1815
88533, 88534, 361.2305, 131.4815
88535, 88536, 408.5499, 141.6085
88537, 88538, 393.1085, 157.4875
88539, 88540, 357.8772, 118.0008
88541, 88542, 370.9401, 133.8034
88543, 88544, 424.4884, 137.6129
88545, 88546, 404.6947, 122.3074
88547, 88548, 346.5145, 117.5465
88549, 88550, 367.6031, 115.3662
88551, 88552, 386.5174, 147.2541
88553, 88554, 385.3665, 136.4382
88555, 88556, 373.8540, 128.4057
88557, 88558, 389.0286, 138.8081
88559, 88560, 407.2798, 113.4392
88561, 88562, 335.6567, 134.0806
88563, 88564, 393.9415, 134.7064
88565, 88566, 389.1434, 129.1834
88567, 88568, 402.4857, 132.6746
88569, 88570, 374.1048, 144.4372
88571, 88572, 380.0812, 138.3429
88573, 88574, 365.1476, 127.2781
88575, 88576, 337.8825, 136.5334
88577, 88578, 348.7506, 133.8509
88579, 88580, 339.8489, 127.3809
88581, 88582, 384.8632, 136.6515
88583, 88584, 323.8026,  87.8488
88585, 88586, 353.6326, 115.1901
88587, 88588, 368.1021, 116.9266
88589, 88590, 332.8270, 118.4862
88591, 88592, 365.9216, 125.8150
88593, 88594, 386.9651, 127.6915
88595, 88596, 386.0975, 108.6206
88597, 88598, 357.3124, 100.3218
88599, 88600, 366.8303, 141.2538
88601, 88602, 364.9382, 126.7544
88603, 88604, 362.9091, 138.0843
88605, 88606, 355.5252, 138.8488
88607, 88608, 382.0300, 132.1020
88609, 88610, 373.5071, 125.5673
88611, 88612, 359.6772, 119.8041
88613, 88614, 390.1414, 120.0443
88615, 88616, 423.4866, 109.1271
88617, 88618, 415.7506, 118.7624
88619, 88620, 411.2893, 126.9719
88621, 88622, 418.4786, 140.3673
88623, 88624, 403.1261, 136.9322
88625, 88626, 427.1757, 135.5391
88627, 88628, 394.5478, 157.3306
88629, 88630, 408.6117, 118.4283
88631, 88632, 365.0526, 140.6283
88633, 88634, 381.4771, 127.5460
88635, 88636, 414.1886, 149.2370
88637, 88638, 435.7791, 116.4079
88639, 88640, 400.9298, 107.1033
88641, 88642, 364.3307, 107.2810
88643, 88644, 369.7564, 132.7688
88645, 88646, 413.0756, 108.2274
88647, 88648, 416.6806, 129.7827
88649, 88650, 403.0955, 127.5289
88651, 88652, 481.1193, 123.3211
88653, 88654, 405.3052, 117.9264
88655, 88656, 397.8780, 146.3196
88657, 88658, 382.3544,  96.5589
88659, 88660, 371.6485, 134.4460
88661, 88662, 393.7019, 129.9194
88663, 88664, 400.1293, 126.8019
88665, 88666, 385.6688, 100.4268
88667, 88668, 409.4093, 137.5624
88669, 88670, 385.4289, 120.4266
88671, 88672, 361.0032, 122.0992
88673, 88674, 376.1586, 139.7143
88675, 88676, 394.3018, 110.6198
88677, 88678, 375.2926, 123.9810
88679, 88680, 396.7650, 125.2997
88681, 88682, 417.8668, 151.2613
88683, 88684, 368.9264, 113.4028
88685, 88686, 412.3806, 139.1212
88687, 88688, 389.8033, 110.5464
88689, 88690, 344.0528, 126.4360
88691, 88692, 352.2574, 123.0749
88693, 88694, 400.7636, 116.7887
88695, 88696, 448.0422, 140.4164
88697, 88698, 370.6600, 130.2096
88699, 88700, 374.9967, 117.7880
88701, 88702, 355.7358, 111.5544
88703, 88704, 347.8715, 126.5595
88705, 88706, 433.9277, 158.2923
88707, 88708, 393.7499, 108.7716
88709, 88710, 394.1449, 124.9137
88711, 88712, 427.1811, 132.3525
88713, 88714, 402.3298, 126.2669
88715, 88716, 411.0344, 113.6533
88717, 88718, 414.2791, 138.9835
88719, 88720, 432.7308, 118.5990
88721, 88722, 388.7212, 121.5406
88723, 88724, 368.0348, 123.0552
88725, 88726, 414.8742, 119.4194
88727, 88728, 423.2326, 130.1072
88729, 88730, 449.1979, 128.3076
88731, 88732, 456.4894, 124.2788
88733, 88734, 463.0009, 143.0672
88735, 88736, 435.2288, 127.3230
88737, 88738, 395.7428, 118.2419
88739, 88740, 373.9008, 150.9505
88741, 88742, 391.5707, 128.2838
88743, 88744, 420.7310, 101.0309
88745, 88746, 389.0231, 116.9445
88747, 88748, 408.4810, 139.6889
88749, 88750, 315.2837, 142.3236
88751, 88752, 347.5284, 138.0990
88753, 88754, 327.0454, 131.5249
88755, 88756, 309.3683, 126.4538
88757, 88758, 384.4524, 111.3680
88759, 88760, 342.0573, 111.8055
88761, 88762, 364.3514, 121.9062
88763, 88764, 301.5957,  99.4135
88765, 88766, 363.4922,  94.9596
88767, 88768, 343.2997,  98.7879
88769, 88770, 351.1640, 125.3309
88771, 88772, 309.2968,  95.7026
88773, 88774, 314.6517, 128.6255
88775, 88776, 321.8839, 117.8480
88777, 88778, 333.9441, 135.9376
88779, 88780, 353.7719, 124.5583
88781, 88782, 381.8964, 143.5594
88783, 88784, 306.0312, 106.4871
88785, 88786, 368.1664, 126.0196
88787, 88788, 353.2810,  92.6657
88789, 88790, 380.6765, 138.6491
88791, 88792, 423.2830, 124.3909
88793, 88794, 382.7175, 113.0894
88795, 88796, 440.4623, 119.1624
88797, 88798, 422.0858, 141.3267
88799, 88800, 444.7842, 148.6653
88801, 88802, 450.7875, 148.7088
88803, 88804, 507.5354, 113.8814
88805, 88806, 542.7683, 167.7754
88807, 88808, 432.1979, 165.9542
88809, 88810, 501.4517, 143.6564
88811, 88812, 507.5460, 153.4676
88813, 88814, 471.7237, 143.1510
88815, 88816, 458.6405, 136.0811
88817, 88818, 511.8910, 145.8802
88819, 88820, 502.9357, 141.3205
88821, 88822, 507.3140, 140.8453
88823, 88824, 452.3733, 118.7182
88825, 88826, 553.8226, 154.4833
88827, 88828, 516.5372, 119.1673
88829, 88830, 475.4330, 125.1692
88831, 88832, 520.7400, 130.9101
88833, 88834, 587.6996, 163.4992
88835, 88836, 636.2393, 154.2254
88837, 88838, 593.3060, 151.2122
88839, 88840, 636.4674, 134.2983
88841, 88842, 683.7532, 142.6990
88843, 88844, 685.2843, 127.3103
88845, 88846, 713.6074, 138.5357
88847, 88848, 746.2131, 171.5214
88849, 88850, 754.0400, 172.7466
88851, 88852, 660.6207, 160.6013
88853, 88854, 726.2806, 207.1550
88855, 88856, 672.7410, 130.9058
88857, 88858, 662.4341, 151.3368
88859, 88860, 729.0162, 168.4693
88861, 88862, 710.0729, 143.1160
88863, 88864, 786.8467, 174.7954
88865, 88866, 758.7203, 154.3151
88867, 88868, 690.7209, 184.5952
88869, 88870, 712.9842, 167.9025
88871, 88872, 701.9866, 160.7793
88873, 88874, 706.9268, 181.2287
88875, 88876, 742.3620, 190.2861
88877, 88878, 635.3063, 162.4895
88879, 88880, 758.7757, 150.4013
88881, 88882, 658.3560, 142.1771
88883, 88884, 689.7726, 178.5558
88885, 88886, 709.2078, 154.9611
88887, 88888, 834.5793, 172.6611
88889, 88890, 853.5300, 161.9738
88891, 88892, 713.5241, 152.9749
88893, 88894, 835.3566, 174.1293
88895, 88896, 927.6492, 151.3490
88897, 88898, 806.1063, 158.5355
88899, 88900, 687.1452, 163.6093
88901, 88902, 823.1588, 170.4711
88903, 88904, 890.1124, 173.0879
88905, 88906, 823.0464, 151.1467
88907, 88908, 834.6230, 165.9340
88909, 88910, 803.0069, 180.9552
88911, 88912, 875.0956, 207.4428
88913, 88914, 888.0274, 209.3518
88915, 88916, 836.0549, 199.0616
88917, 88918, 872.6913, 160.8323
88919, 88920, 857.2469, 176.6102
88921, 88922, 790.3636, 167.6802
88923, 88924, 785.0276, 152.1396
88925, 88926, 849.9962, 174.9140
88927, 88928, 917.7289, 200.5593
88929, 88930, 735.6151, 177.4883
88931, 88932, 863.0329, 181.4454
88933, 88934, 862.4210, 171.0753
88935, 88936, 795.0493, 179.7425
88937, 88938, 815.9357, 155.1987
88939, 88940, 716.9775, 180.0511
88941, 88942, 892.4689, 208.1119
88943, 88944, 726.5078, 173.7558
88945, 88946, 737.3587, 170.4578
88947, 88948, 804.7934, 153.3399
88949, 88950, 830.3116, 159.8605
88951, 88952, 639.3414, 162.2807
88953, 88954, 644.7903, 188.1466
88955, 88956, 762.6880, 171.7396
88957, 88958, 857.0367, 182.4682
88959, 88960, 731.9481, 160.9880
88961, 88962, 734.2049, 149.3109
88963, 88964, 863.9903, 230.8464
88965, 88966, 712.0861, 143.2078
88967, 88968, 712.1110, 164.8546
88969, 88970, 720.9266, 183.9002
88971, 88972, 753.0593, 141.6205
88973, 88974, 749.4032, 154.4699
88975, 88976, 764.4714, 169.0821
88977, 88978, 698.3916, 162.3340
88979, 88980, 668.8775, 165.0996
88981, 88982, 733.9593, 164.8846
88983, 88984, 728.5278, 175.0105
88985, 88986, 779.5578, 166.1399
88987, 88988, 699.8295, 146.9763
88989, 88990, 627.4802, 142.3768
88991, 88992, 627.4728, 144.8544
88993, 88994, 629.4362, 167.4193
88995, 88996, 641.3171, 132.2000
88997, 88998, 670.4536, 153.8598
88999, 89000, 618.7516, 169.3493
89001, 89002, 617.5832, 132.2472
89003, 89004, 699.1393, 135.2233
89005, 89006, 597.1940, 154.5770
89007, 89008, 616.9696, 166.0910
89009, 89010, 607.1451, 198.8378
89011, 89012, -9999.0000, -9999.0000
89013, 89014, 598.2650, 163.3100
89015, 89016, 579.9941, 148.5308
89017, 89018, 716.3260, 155.1850
89019, 89020, 625.6242, 166.2833
89021, 89022, 625.9090, 143.3775
89023, 89024, 618.8802, 175.0160
89025, 89026, 667.2915, 150.2755
