frappe-C130-PAN_C130_20140731_R0.ict
34, 1001
 Kaser, L.; Flocke, F.M.; Shertz, S.;
NCAR
NCAR PAN-CIMS
FRAPPE
1, 1
2014, 07, 31, 2014, 12, 27
0
Start_UTC, seconds,
3
1,1,1
-9999,-9999,-9999
Stop_UTC, seconds,
PAN, pptv,
PPN, pptv,
0
17
PI_CONTACT_INFO: kaser@ucar.edu, ffl@ucar.edu
PLATFORM: NCAR C130
LOCATION: Latitude, Longitude and Altitude of the C130 can be obtained from other files
ASSOCIATED_DATA: N/A
INSTRUMENT_INFO: PAN-CIMS
DATA_INFO: units are given in pptv
UNCERTAINTY: 13%
ULOD_FLAG: N/A
ULOD_VALUE: N/A
LLOD_FLAG: N/A
LLOD_VALUE: 10pptv
DM_CONTACT_INFO: N/A
PROJECT_INFO: FRAPPE
STIPULATIONS_ON_USE: FINAL DATA. Please contact PI before use/presentation/publication, acknowledge the data source and offer co-authorship to relevant instrument PIs when appropriate.
OTHER_COMMENTS: N/A
REVISION: R0
Start_UTC, Stop_UTC,PAN,PPN
[from data line 9149]
89997, 89998, 1001.4894, 208.1476
89999, 90000, 838.5615, 198.2873
90001, 90002, -9999.0000, -9999.0000
90003, 90004, -9999.0000, -9999.0000
90005, 90006, -9999.0000, -9999.0000
90007, 90008, -9999.0000, -9999.0000
90009, 90010, -9999.0000, -9999.0000
90011, 90012, -9999.0000, -9999.0000
90013, 90014, -9999.0000, -9999.0000
90015, 90016, -9999.0000, -9999.0000
90017, 90018, -9999.0000, -9999.0000
90019, 90020, -9999.0000, -9999.0000
90021, 90022, -9999.0000, -9999.0000
90023, 90024, -9999.0000, -9999.0000
90025, 90026, -9999.0000, -9999.0000
90027, 90028, -9999.0000, -9999.0000
90029, 90030, -9999.0000, -9999.0000
90031, 90032, -9999.0000, -9999.0000
90033, 90034, -9999.0000, -9999.0000
90035, 90036, -9999.0000, -9999.0000
90037, 90038, -9999.0000, -9999.0000
90039, 90040, -9999.0000, -9999.0000
90041, 90042, -9999.0000, -9999.0000
90043, 90044, -9999.0000, -9999.0000
90045, 90046, -9999.0000, -9999.0000
90047, 90048, -9999.0000, -9999.0000
90049, 90050, -9999.0000, -9999.0000
90051, 90052, -9999.0000, -9999.0000
90053, 90054, -9999.0000, -9999.0000
90055, 90056, -9999.0000, -9999.0000
90057, 90058, -9999.0000, -9999.0000
90059, 90060, -9999.0000, -9999.0000
90061, 90062, -9999.0000, -9999.0000
90063, 90064, -9999.0000, -9999.0000
90065, 90066, -9999.0000, -9999.0000
90067, 90068, -9999.0000, -9999.0000
90069, 90070, -9999.0000, -9999.0000
90071, 90072, -9999.0000, -9999.0000
90073, 90074, -9999.0000, -9999.0000
90075, 90076, -9999.0000, -9999.0000
90077, 90078, -9999.0000, -9999.0000
90079, 90080, -9999.0000, -9999.0000
90081, 90082, -9999.0000, -9999.0000
90083, 90084, -9999.0000, -9999.0000
90085, 90086, -9999.0000, -9999.0000
90087, 90088, -9999.0000, -9999.0000
90089, 90090, -9999.0000, -9999.0000
90091, 90092, -9999.0000, -9999.0000
90093, 90094, -9999.0000, -9999.0000
90095, 90096, -9999.0000, -9999.0000
90097, 90098, -9999.0000, -9999.0000
90099, 90100, -9999.0000, -9999.0000
90101, 90102, -9999.0000, -9999.0000
90103, 90104, -9999.0000, -9999.0000
90105, 90106, -9999.0000, -9999.0000
90107, 90108, -9999.0000, -9999.0000
90109, 90110, -9999.0000, -9999.0000
90111, 90112, -9999.0000, -9999.0000
90113, 90114, -9999.0000, -9999.0000
90115, 90116, -9999.0000, -9999.0000
90117, 90118, -9999.0000, -9999.0000
90119, 90120, -9999.0000, -9999.0000
90121, 90122, -9999.0000, -9999.0000
90123, 90124, -9999.0000, -9999.0000
90125, 90126, -9999.0000, -9999.0000
90127, 90128, -9999.0000, -9999.0000
90129, 90130, -9999.0000, -9999.0000
90131, 90132, -9999.0000, -9999.0000
90133, 90134, -9999.0000, -9999.0000
90135, 90136, 1238.8480, 175.7405
90137, 90138, 1302.2201, 156.5519
90139, 90140, 1310.0722, 169.4716
90141, 90142, 1181.2345, 158.4940
90143, 90144, 1161.8025, 196.7861
90145, 90146, 1191.7558, 204.1992
90147, 90148, 1314.1137, 187.0897
90149, 90150, 1207.1321, 202.9290
90151, 90152, 1388.0961, 232.7445
90153, 90154, 1343.8563, 233.9181
90155, 90156, 1307.8456, 205.0116
90157, 90158, 1477.0809, 234.0562
90159, 90160, 1259.1553, 203.2899
90161, 90162, 1170.5421, 207.6217
90163, 90164, 1220.7998, 200.7839
90165, 90166, 1206.6105, 227.8406
90167, 90168, 1162.3580, 198.8533
90169, 90170, 1181.6144, 203.2255
90171, 90172, 1166.4549, 212.8170
90173, 90174, 1328.3637, 211.0999
90175, 90176, 1108.6843, 189.8876
90177, 90178, 1289.4715, 210.2789
90179, 90180, 1468.5952, 229.0169
90181, 90182, 1386.3646, 209.0489
90183, 90184, 1280.1536, 232.8985
90185, 90186, 1371.8177, 214.2887
90187, 90188, 1311.5004, 207.9401
90189, 90190, 1361.8315, 239.8380
90191, 90192, 1257.7644, 211.8343
90193, 90194, 1323.1173, 212.4853
90195, 90196, 1372.1336, 211.7922
90197, 90198, 1065.9700, 211.9001
90199, 90200, 1340.4112, 210.4814
90201, 90202, 1352.2526, 208.3322
90203, 90204, 1206.7842, 196.0446
90205, 90206, 1277.9509, 203.9572
90207, 90208, 1289.5505, 229.3710
90209, 90210, 1288.4071, 263.3959
90211, 90212, 1448.5950, 220.6298
90213, 90214, 1275.3888, 232.4273
90215, 90216, 1375.1718, 240.3155
90217, 90218, 1283.1422, 242.1927
90219, 90220, 1464.1216, 237.6874
90221, 90222, 1127.9395, 226.7775
90223, 90224, 1363.0467, 222.3168
90225, 90226, 1367.8217, 207.4458
90227, 90228, 1483.8733, 266.7310
90229, 90230, 1265.1632, 212.7169
90231, 90232, 1310.3044, 239.0911
90233, 90234, 1308.3340, 232.2410
90235, 90236, 1329.4246, 269.6728
90237, 90238, 1205.0569, 226.3333
90239, 90240, 1262.0704, 255.7712
90241, 90242, 1117.6629, 217.4159
90243, 90244, 1256.0670, 194.8279
90245, 90246, 1181.3516, 228.9247
90247, 90248, 1268.2346, 264.5391
90249, 90250, 1199.0475, 221.3883
90251, 90252, 1291.6884, 205.7107
90253, 90254, 1161.0658, 196.6236
90255, 90256, 1122.2762, 200.5038
90257, 90258, 1065.3474, 214.2080
90259, 90260, 1152.5129, 230.2991
90261, 90262, 1052.2234, 208.2743
90263, 90264, 1091.7450, 218.8879
90265, 90266, 1017.8765, 198.7667
90267, 90268, 1295.8266, 213.1387
90269, 90270, 1062.1199, 217.8939
90271, 90272, 1109.4220, 205.1755
90273, 90274, 1000.4119, 191.0626
90275, 90276, 1125.3373, 214.5871
90277, 90278, 1163.5928, 229.9663
90279, 90280, 1230.1986, 225.9459
90281, 90282, 1052.5208, 193.1232
90283, 90284, 1116.4471, 212.8223
90285, 90286, 1080.7395, 202.7986
90287, 90288, 1246.0702, 211.7816
90289, 90290, 1074.9722, 182.4305
90291, 90292, 1062.6619, 215.3200
90293, 90294, 1051.6788, 182.4828
90295, 90296, 993.7088, 191.9574
90297, 90298, 1087.5391, 226.5424
90299, 90300, 1110.9789, 180.6491
90301, 90302, 1249.8900, 262.8022
90303, 90304, 1241.1550, 273.0172
90305, 90306, 1093.2799, 207.8661
90307, 90308, 1146.8687, 184.8311
90309, 90310, 991.8890, 224.4680
90311, 90312, 1156.1426, 196.2485
90313, 90314, 1158.0054, 241.6558
90315, 90316, 1228.5025, 213.7927
90317, 90318, 1153.3851, 182.5704
90319, 90320, 1205.9062, 201.6832
90321, 90322, 1433.4152, 207.5566
90323, 90324, 1311.1332, 238.6970
90325, 90326, 1186.6499, 252.8537
90327, 90328, 1351.6384, 240.9940
90329, 90330, 1010.0209, 196.0781
90331, 90332, 1072.0010, 214.0822
90333, 90334, 1082.6650, 192.0107
90335, 90336, 1129.9872, 214.0482
90337, 90338, 984.0634, 208.9372
90339, 90340, 1099.6025, 225.5853
90341, 90342, 1081.8608, 206.6181
90343, 90344, 1337.1990, 248.8947
90345, 90346, 994.9504, 238.3030
90347, 90348, 1068.8365, 237.9035
90349, 90350, 1323.1294, 249.3266
90351, 90352, 1058.9285, 244.8643
90353, 90354, 1126.5399, 224.5188
90355, 90356, 1178.5947, 249.0366
90357, 90358, 1313.3946, 259.0548
90359, 90360, 1194.3867, 234.3814
90361, 90362, 1184.2020, 198.1930
90363, 90364, 1110.9291, 223.1372
90365, 90366, 1165.4265, 220.2774
90367, 90368, 1176.6953, 202.1131
90369, 90370, 1153.8511, 223.3084
90371, 90372, 1085.8798, 240.8628
90373, 90374, 1163.9451, 222.8067
90375, 90376, 1172.8363, 239.4889
90377, 90378, 1323.1172, 211.2100
90379, 90380, 1165.8166, 221.5362
90381, 90382, 1091.1691, 202.2360
90383, 90384, 1141.1777, 236.9220
90385, 90386, 1043.9236, 228.9170
90387, 90388, 1264.7847, 214.4962
90389, 90390, 1200.5066, 242.0440
90391, 90392, 1211.6113, 208.2900
90393, 90394, 1076.4258, 204.6493
90395, 90396, 1327.9451, 246.9567
90397, 90398, 1123.8685, 211.0482
90399, 90400, 1195.6383, 241.6688
90401, 90402, 1162.6302, 223.5085
90403, 90404, 1281.9039, 235.3149
90405, 90406, 1172.2184, 245.2405
90407, 90408, 1203.0824, 227.9977
90409, 90410, 1249.7301, 219.0159
90411, 90412, 1062.8600, 218.9390
90413, 90414, 1246.7242, 246.6896
90415, 90416, 1301.6495, 236.8150
90417, 90418, 1177.1953, 193.8713
90419, 90420, 1462.4164, 237.9181
90421, 90422, 1323.0072, 227.5233
90423, 90424, 1401.5001, 219.5552
90425, 90426, 1302.9201, 203.7201
90427, 90428, 1335.9710, 214.6072
90429, 90430, 1140.2781, 211.2178
90431, 90432, 1409.4854, 247.5224
90433, 90434, 1388.6247, 279.6774
90435, 90436, 1195.5558, 181.1880
90437, 90438, 1247.3917, 260.4728
90439, 90440, 1279.1670, 215.9704
90441, 90442, 1341.4247, 256.7877
90443, 90444, 1237.0993, 212.8541
90445, 90446, 1389.4328, 256.8996
90447, 90448, 1152.3445, 209.3486
90449, 90450, 1303.2618, 225.3552
90451, 90452, 1221.2104, 215.3335
90453, 90454, 1128.1564, 242.1826
90455, 90456, 1264.6398, 245.9823
90457, 90458, 1385.0791, 301.1510
90459, 90460, 1363.6387, 256.8996
90461, 90462, 1483.6161, 271.7902
90463, 90464, 1331.0909, 267.6187
90465, 90466, 1319.3357, 244.8191
90467, 90468, 1110.3017, 224.2077
90469, 90470, 1371.0792, 262.1156
90471, 90472, 1291.2963, 243.9458
90473, 90474, 1384.2636, 228.5127
90475, 90476, 1332.1480, 247.6656
90477, 90478, 1150.7259, 251.1394
90479, 90480, 1220.6183, 255.6043
90481, 90482, 1396.3625, 201.0407
90483, 90484, 1404.8208, 249.2415
90485, 90486, 1373.9001, 250.9601
90487, 90488, 1176.8663, 198.4171
90489, 90490, 1281.9854, 234.7479
90491, 90492, 1312.7499, 262.3600
90493, 90494, 1344.9779, 243.9715
90495, 90496, 1301.7268, 249.0446
90497, 90498, 1414.7020, 252.7523
90499, 90500, 1148.3956, 208.1013
90501, 90502, 1501.0703, 268.9654
90503, 90504, 1211.1235, 250.3995
90505, 90506, 1243.1218, 226.3802
90507, 90508, 1243.5847, 257.3680
90509, 90510, 1206.9246, 217.1926
90511, 90512, 1349.7418, 250.7270
90513, 90514, 1240.2354, 194.4488
90515, 90516, 1209.5043, 218.0123
90517, 90518, 1407.5945, 238.3529
90519, 90520, 1337.9205, 287.9338
90521, 90522, 1400.7526, 245.7222
90523, 90524, 1390.1733, 242.1574
90525, 90526, 1218.0247, 255.0580
90527, 90528, 1433.0858, 298.3659
90529, 90530, 1300.0586, 197.7302
90531, 90532, 1184.8985, 237.4344
90533, 90534, 1219.3784, 272.8029
90535, 90536, 1390.6492, 244.9275
90537, 90538, 1399.6054, 269.5191
90539, 90540, 1434.2583, 234.2431
90541, 90542, 1350.0111, 223.1028
90543, 90544, 1517.9409, 285.8500
90545, 90546, 1253.8704, 237.8321
90547, 90548, 1138.0445, 215.6285
90549, 90550, 1255.3901, 245.1741
90551, 90552, 1299.4111, 270.3050
90553, 90554, 1221.6196, 240.4528
90555, 90556, 1153.7298, 197.5648
90557, 90558, 1204.4915, 187.6016
90559, 90560, 1175.3137, 227.2887
90561, 90562, 1391.4475, 220.8793
90563, 90564, 1137.2797, 218.6408
90565, 90566, 1283.1746, 241.5814
90567, 90568, 1257.5425, 217.3327
90569, 90570, 1153.8618, 216.2520
90571, 90572, 1101.3042, 205.0299
90573, 90574, 1220.2857, 242.6845
90575, 90576, 1205.2229, 217.3643
90577, 90578, 1181.9800, 208.5658
90579, 90580, 1205.4398, 223.9122
90581, 90582, 1101.3677, 228.8559
90583, 90584, 1371.1989, 248.6338
90585, 90586, 1108.6499, 194.9829
90587, 90588, 1125.2299, 242.6411
90589, 90590, 1212.1756, 225.7308
90591, 90592, 1131.7822, 234.9943
90593, 90594, 1021.4393, 210.4536
90595, 90596, 1065.6045, 210.9828
90597, 90598, 1022.5185, 246.2836
90599, 90600, 1157.6038, 206.7078
90601, 90602, 1148.5901, 235.8068
90603, 90604, 1135.6419, 230.0174
90605, 90606, 1352.6425, 258.0724
90607, 90608, 1188.9844, 213.0564
90609, 90610, 1313.6625, 249.7063
90611, 90612, 1197.3078, 252.9265
90613, 90614, 1214.6398, 260.1341
90615, 90616, 1345.0469, 268.0056
90617, 90618, 1215.0410, 218.0080
90619, 90620, 1248.0186, 242.9318
90621, 90622, 1306.8564, 199.8368
90623, 90624, 1182.0529, 222.3315
90625, 90626, 1191.4943, 218.6943
90627, 90628, 1377.0234, 274.4211
90629, 90630, 1218.7338, 230.2376
90631, 90632, 1399.6391, 277.3465
90633, 90634, 1266.4886, 236.5203
90635, 90636, 1117.9737, 299.7430
90637, 90638, 1233.2506, 250.8889
90639, 90640, 1233.3094, 224.7790
90641, 90642, 1235.0100, 228.0168
90643, 90644, 1148.6410, 220.2521
90645, 90646, 1242.2984, 244.4312
90647, 90648, 1167.3467, 248.2831
90649, 90650, 1146.0948, 276.8597
90651, 90652, 1250.4887, 199.3714
90653, 90654, 1288.0031, 215.2200
90655, 90656, 1233.1372, 248.4148
90657, 90658, 1270.1928, 215.3196
90659, 90660, 1270.3993, 221.7989
90661, 90662, 1275.7192, 233.9687
