frappe-CH2O_C130_20140731_R1.ict
280,1001
Alan Fried, Petter Weibring, Dirk Richter and James Walega
The University of Colorado at Boulder - INSTAAR
Formaldehyde on the NCAR C130 Employing the Compact Atmospheric Multi-species Spectrometer (CAMS) During FRAPPE
FRAPPE
1, 1
2014, 07, 31, 2015, 1, 23
0
CH2O_Start_SOD_UTC, secondsUTC, seconds since 00:00:00 UTC
8
1, 1, 1, 1, 1, 1, 1,1
-9999,-9999,-9999,-9999,-9999,-9999,-9999,-9999
CH2O_Stop_SOD_UTC, secondsUTC, seconds since 00:00:00 UTC
CH2O_Mid_SOD_UTC, secondsUTC, seconds since 00:00:00 UTC
CH2O_pptv, pptv, 1 second data or a longer averaging period as mixing ratio by volume
CH2O_sdev, pptv, 1 second standard deviation reported as fit precisions or standard deviation over averaging time period as mixing ratio by volume
CH2O_cnt, cnt, number of measurements in averaging period
CH20_LOD_pptv, pptv, Limit of Detection
CH2O_SMU_pptv, pptv, Systematic Measurement Uncertainty
CH2O_TMU_pptv, pptv, Total Measurement Uncertainty
237

*****************  FRAPPE Experiment Colorado Deployment  *****************



Deployment:             July 2014 - August 2014

Aircraft:              The NCAR C130 Aircraft


*****************   USE OF THIS DATA REQUIRES   *****************


USERS OF THIS DATA ARE STRONGLY ENCOURAGED TO CONTACT THE EXPERIMENTERS,
AND ANY PRESENTATION OR PUBLICATION OF THE DATA CONTAINED IN THIS FILE
SHOULD ACKNOWLEDGE THE "UNIVERSITY OF COLORADO - INSTAAR"


*****************        Data Availability *****************

		RF01	20140726
		RF02	20140727
		RF03	20140728
		RF04	20140729
		RF05	20140731
		RF06	20140802
		RF07	20140803
		RF08	20140806
		RF09	20140807
		RF10	20140808
		RF11	20140811
		RF12	20140812
		RF13	20140815
		RF14	20140816
		RF15	20140818
    


*****************   Data Reported In This File  *****************

CH2O_Start_SOD_UTC   - Start time of averaging period (seconds since 00:00:00 UTC)
CH2O_Stop_SOD_UTC    - Stop  time of averaging period (seconds since 00:00:00 UTC)
CH2O_Mid_SOD_UTC     - Mid   time of averaging period (seconds since 00:00:00 UTC)
CH2O_pptv            - CH2O mixing ratio              (pptv)
CH2O_sdev            - Standard deviation of measurements of CH2O mixing ratio in averaging period, for 1 sec data this is the fit precision (pptv)
CH2O_cnt             - number of measurements in averaging period
CH20_LOD_pptv        - 1 Sigma Limit of Detection                        (pptv)
CH2O_SMU_pptv        - 1 Sigma Systematic Measurement Uncertainty        (pptv)
CH2O_TMU_pptv        - 1 Sigma Total Measurement Uncertainty             (pptv)


*****************      Principal Investigator   *****************


                       Alan Fried
                       University of Colorado - INSTAAR
             mail:     1560 30th ST, 450 UCB, Boulder CO 80309
             shipping: 1560 30th ST, 450 UCB, Boulder CO 80309
             phone:    303-492-7559
             fax:      303-492-6388
             email:    alan.fried@colorado.edu

********************************************************************************

***  Difference Frequency Generation (DFG): Data Acquisition Frequency & Data Reduction

A room temperature tunable IR laser source based upon difference frequency
generation using two different laser pairs mixed in a non-linear crystal
[...]
employ these fit precisions in our uncertainty estimates in the present data sets.
Future use of these fit precisions must first await a more comprehensive study of the relationship
between fit and replicate precision estimates as a function of the ambient levels, including ambient
methanol levels. 

The overall total uncertainty was then derived by quadrature addition of
the systematic term with the LOD, both at the 1 sigma levels.
*****************************************************************************************************************************************

21

PI_CONTACT_INFO: Address: University of Colorado - INSTAAR, 1560 30th ST, 450 UCB, Boulder, CO 80309; email: alan.fried@colorado.edu; 303-492-7559
PLATFORM: NCAR C130 Aircraft
LOCATION: Latitude, longitude and elevation data are included in the data records.
ASSOCIATED_DATA: N/A
INSTRUMENT_INFO: CAMS
DATA_INFO: See Text
UNCERTAINTY: See Text
ULOD_FLAG: -77777777
ULOD_VALUE: N/A
LLOD_FLAG: -88888888
LLOD_VALUE: N/A
DM_CONTACT_INFO: N/A
PROJECT_INFO: FRAPPE
OTHER_COMMENTS: N/A
STIPULATIONS_ON_USE: USERS OF THIS DATA ARE STRONGLY ENCOURAGED TO CONTACT THE EXPERIMENTERS, AND ANY PRESENTATION OR PUBLICATION OF THE DATA CONTAINED IN THIS FILE SHOULD ACKNOWLEDGE THE "UNIVERSITY OF COLORADO - INSTAAR"
REVISION: R1
R0: time adjustment HAS NOT BEEN DONE, MeOH correction has been made
R1: Fit precisions inadvertantly left out, now included with no change to CH2O mixing ratio

CH2O_Start_SOD_UTC, CH2O_Stop_SOD_UTC, CH2O_Mid_SOD_UTC, CH2O_pptv, CH2O_sdev, CH2O_cnt, CH20_LOD_pptv, CH2O_SMU_pptv, CH2O_TMU_pptv
71771,71772,71771.50,778,59,1,74,33,81
71772,71773,71772.50,802,54,1,74,34,82
71773,71774,71773.50,714,49,1,74,31,80
71774,71775,71774.50,872,54,1,74,37,83
71775,71776,71775.50,863,76,1,74,37,83
71776,71777,71776.50,867,81,1,74,37,83
71777,71778,71777.50,1037,76,1,74,45,86
71778,71779,71778.50,1112,74,1,74,48,88
71779,71780,71779.50,1085,81,1,74,47,87
71780,71781,71780.50,971,70,1,74,42,85
71781,71782,71781.50,1042,80,1,74,45,87
71782,71783,71782.50,874,67,1,74,38,83
71783,71784,71783.50,967,73,1,74,42,85
71784,71785,71784.50,929,60,1,74,40,84
71785,71786,71785.50,889,73,1,74,38,83
71786,71787,71786.50,917,66,1,74,39,84
71787,71788,71787.50,977,63,1,74,42,85
71788,71789,71788.50,1069,61,1,74,46,87
71789,71790,71789.50,1003,73,1,74,43,86
71790,71791,71790.50,1058,87,1,74,45,87
71791,71792,71791.50,1066,66,1,74,46,87
71792,71793,71792.50,1081,72,1,74,46,87
71793,71794,71793.50,1123,89,1,74,48,88
71794,71795,71794.50,1130,77,1,74,49,89
71795,71796,71795.50,1108,71,1,74,48,88
71796,71797,71796.50,982,83,1,74,42,85
71797,71798,71797.50,987,69,1,74,42,85
71798,71799,71798.50,1132,82,1,74,49,89
71799,71800,71799.50,1146,85,1,74,49,89
71800,71801,71800.50,1003,76,1,74,43,86
71801,71802,71801.50,922,75,1,74,40,84
71802,71803,71802.50,886,73,1,74,38,83
71803,71804,71803.50,962,82,1,74,41,85
71804,71805,71804.50,1035,77,1,74,45,86
71805,71806,71805.50,921,75,1,74,40,84
71806,71807,71806.50,999,62,1,74,43,86
71807,71808,71807.50,1043,65,1,74,45,87
71808,71809,71808.50,888,76,1,74,38,83
71809,71810,71809.50,839,71,1,74,36,82
71810,71811,71810.50,881,58,1,74,38,83
71811,71812,71811.50,1106,51,1,74,48,88
71812,71813,71812.50,1109,62,1,74,48,88
71813,71814,71813.50,869,67,1,74,37,83
71814,71815,71814.50,914,65,1,74,39,84
71815,71816,71815.50,996,63,1,74,43,85
71816,71817,71816.50,896,87,1,74,39,83
71817,71818,71817.50,1062,63,1,74,46,87
71818,71819,71818.50,1055,85,1,74,45,87
71819,71820,71819.50,1145,81,1,74,49,89
71820,71821,71820.50,1088,88,1,74,47,88
71821,71822,71821.50,1164,66,1,74,50,89
71822,71823,71822.50,1316,67,1,74,57,93
71823,71824,71823.50,1218,58,1,74,52,91
71824,71825,71824.50,1359,93,1,74,58,94
71825,71826,71825.50,1279,68,1,74,55,92
71826,71827,71826.50,1241,70,1,74,53,91
71827,71828,71827.50,1215,72,1,74,52,91
71828,71829,71828.50,1079,83,1,74,46,87
71829,71830,71829.50,1188,70,1,74,51,90
71830,71831,71830.50,1035,74,1,74,45,86
71869,71870,71869.50,1687,37,1,74,73,104
71870,71871,71870.50,1386,60,1,74,60,95
71871,71872,71871.50,1150,48,1,74,49,89
71872,71873,71872.50,926,60,1,74,40,84
71873,71874,71873.50,917,56,1,74,39,84
71874,71875,71874.50,1132,53,1,74,49,89
71875,71876,71875.50,1366,48,1,74,59,94
71876,71877,71876.50,1412,45,1,74,61,96
71877,71878,71877.50,1422,54,1,74,61,96
71878,71879,71878.50,1343,48,1,74,58,94
71879,71880,71879.50,1257,53,1,74,54,92
71880,71881,71880.50,1247,50,1,74,54,91
71881,71882,71881.50,1325,48,1,74,57,93
71882,71883,71882.50,1520,45,1,74,65,99
71883,71884,71883.50,1501,53,1,74,65,98
71884,71885,71884.50,1475,46,1,74,63,97
71885,71886,71885.50,1429,54,1,74,61,96
71886,71887,71886.50,1375,53,1,74,59,95
71887,71888,71887.50,1280,55,1,74,55,92
71888,71889,71888.50,1362,49,1,74,59,94
71889,71890,71889.50,1330,49,1,74,57,94
71890,71891,71890.50,1282,45,1,74,55,92
71891,71892,71891.50,1233,48,1,74,53,91
71892,71893,71892.50,1352,43,1,74,58,94
71893,71894,71893.50,1520,57,1,74,65,99
71894,71895,71894.50,1433,46,1,74,62,96
71895,71896,71895.50,1270,77,1,74,55,92
71896,71897,71896.50,1295,42,1,74,56,93
71897,71898,71897.50,1311,54,1,74,56,93
71898,71899,71898.50,1338,66,1,74,58,94
71899,71900,71899.50,1527,57,1,74,66,99
71900,71901,71900.50,1600,54,1,74,69,101
71901,71902,71901.50,1480,56,1,74,64,98
71902,71903,71902.50,1616,54,1,74,69,102
71903,71904,71903.50,1724,52,1,74,74,105
71904,71905,71904.50,1715,48,1,74,74,104
71905,71906,71905.50,1665,41,1,74,72,103
71906,71907,71906.50,1788,66,1,74,77,107
71907,71908,71907.50,1933,78,1,74,83,111
71908,71909,71908.50,1778,45,1,74,76,106
71909,71910,71909.50,1676,54,1,74,72,103
71910,71911,71910.50,1652,49,1,74,71,103
71911,71912,71911.50,1523,65,1,74,65,99
71912,71913,71912.50,1437,73,1,74,62,96
71913,71914,71913.50,1516,68,1,74,65,99
71914,71915,71914.50,1394,52,1,74,60,95
71915,71916,71915.50,1337,55,1,74,57,94
71916,71917,71916.50,1242,69,1,74,53,91
71917,71918,71917.50,1302,53,1,74,56,93
71918,71919,71918.50,1407,54,1,74,61,96
71919,71920,71919.50,1463,54,1,74,63,97
71920,71921,71920.50,1439,59,1,74,62,96
71921,71922,71921.50,1244,45,1,74,53,91
71922,71923,71922.50,1306,43,1,74,56,93
71923,71924,71923.50,1249,48,1,74,54,91
71924,71925,71924.50,1305,44,1,74,56,93
71925,71926,71925.50,1298,65,1,74,56,93
71926,71927,71926.50,1282,66,1,74,55,92
71927,71928,71927.50,1429,46,1,74,61,96
71928,71929,71928.50,1421,53,1,74,61,96
71929,71930,71929.50,1462,52,1,74,63,97
71930,71931,71930.50,1437,45,1,74,62,96
71931,71932,71931.50,1380,52,1,74,59,95
71932,71933,71932.50,1364,52,1,74,59,94
71933,71934,71933.50,1324,67,1,74,57,93
71934,71935,71934.50,1492,78,1,74,64,98
71935,71936,71935.50,1446,61,1,74,62,97
71936,71937,71936.50,1515,68,1,74,65,99
71937,71938,71937.50,1587,61,1,74,68,101
71938,71939,71938.50,1829,59,1,74,79,108
71939,71940,71939.50,2036,57,1,74,88,115
71940,71941,71940.50,1873,60,1,74,81,109
71941,71942,71941.50,1887,62,1,74,81,110
71942,71943,71942.50,2038,54,1,74,88,115
71943,71944,71943.50,2066,61,1,74,89,116
71944,71945,71944.50,1886,80,1,74,81,110
71945,71946,71945.50,1815,81,1,74,78,108
71946,71947,71946.50,1891,73,1,74,81,110
71947,71948,71947.50,2164,43,1,74,93,119
71948,71949,71948.50,2137,56,1,74,92,118
71949,71950,71949.50,2197,61,1,74,94,120
71950,71951,71950.50,2201,66,1,74,95,120
71951,71952,71951.50,2274,67,1,74,98,123
71952,71953,71952.50,2300,56,1,74,99,124
71953,71954,71953.50,2473,59,1,74,106,130
71954,71955,71954.50,2293,59,1,74,99,123
71955,71956,71955.50,2121,58,1,74,91,117
71956,71957,71956.50,2175,60,1,74,94,119
71957,71958,71957.50,2274,76,1,74,98,123
71958,71959,71958.50,2389,71,1,74,103,127
71959,71960,71959.50,2425,78,1,74,104,128
71960,71961,71960.50,2153,78,1,74,93,119
71961,71962,71961.50,2149,75,1,74,92,118
71962,71963,71962.50,2152,54,1,74,93,118
71963,71964,71963.50,2207,59,1,74,95,120
71964,71965,71964.50,2070,59,1,74,89,116
71965,71966,71965.50,2210,60,1,74,95,120
71966,71967,71966.50,2071,75,1,74,89,116
71967,71968,71967.50,2121,78,1,74,91,117
71968,71969,71968.50,1993,67,1,74,86,113
71969,71970,71969.50,2006,62,1,74,86,114
71970,71971,71970.50,1832,59,1,74,79,108
71971,71972,71971.50,1930,57,1,74,83,111
71972,71973,71972.50,1878,90,1,74,81,110
71973,71974,71973.50,1779,90,1,74,76,106
71974,71975,71974.50,1589,83,1,74,68,101
71975,71976,71975.50,1597,77,1,74,69,101
71976,71977,71976.50,1410,64,1,74,61,96
71977,71978,71977.50,1388,62,1,74,60,95
71978,71979,71978.50,1530,55,1,74,66,99
71979,71980,71979.50,1667,73,1,74,72,103
71980,71981,71980.50,1693,81,1,74,73,104
71981,71982,71981.50,1694,80,1,74,73,104
71982,71983,71982.50,1723,78,1,74,74,105
71983,71984,71983.50,1768,73,1,74,76,106
71984,71985,71984.50,1771,85,1,74,76,106
71985,71986,71985.50,1837,78,1,74,79,108
71986,71987,71986.50,1778,92,1,74,76,106
71987,71988,71987.50,1837,76,1,74,79,108
71988,71989,71988.50,1922,61,1,74,83,111
71989,71990,71989.50,1863,56,1,74,80,109
71990,71991,71990.50,1907,68,1,74,82,110
71991,71992,71991.50,1784,75,1,74,77,107
71992,71993,71992.50,1917,68,1,74,82,111
71993,71994,71993.50,1975,57,1,74,85,113
71994,71995,71994.50,1954,74,1,74,84,112
71995,71996,71995.50,1930,75,1,74,83,111
71996,71997,71996.50,2224,67,1,74,96,121
71997,71998,71997.50,2077,64,1,74,89,116
71998,71999,71998.50,2033,52,1,74,87,115
71999,72000,71999.50,2021,61,1,74,87,114
72000,72001,72000.50,2065,70,1,74,89,116
72001,72002,72001.50,1970,77,1,74,85,112
72002,72003,72002.50,1865,64,1,74,80,109
72003,72004,72003.50,2058,74,1,74,88,115
72004,72005,72004.50,2182,81,1,74,94,119
72005,72006,72005.50,2176,48,1,74,94,119
72006,72007,72006.50,2017,59,1,74,87,114
72007,72008,72007.50,2121,46,1,74,91,117
72008,72009,72008.50,1971,55,1,74,85,113
72009,72010,72009.50,1961,55,1,74,84,112
72010,72011,72010.50,2016,48,1,74,87,114
72011,72012,72011.50,2100,51,1,74,90,117
72012,72013,72012.50,2155,44,1,74,93,119
72013,72014,72013.50,2164,72,1,74,93,119
72014,72015,72014.50,2460,63,1,74,106,129
72015,72016,72015.50,2129,74,1,74,92,118
72016,72017,72016.50,2338,59,1,74,101,125
72017,72018,72017.50,2369,48,1,74,102,126
72018,72019,72018.50,2454,59,1,74,106,129
72019,72020,72019.50,2312,68,1,74,99,124
72020,72021,72020.50,2485,52,1,74,107,130
72021,72022,72021.50,2373,60,1,74,102,126
72022,72023,72022.50,2322,46,1,74,100,124
72023,72024,72023.50,2633,70,1,74,113,135
72024,72025,72024.50,2687,52,1,74,116,137
72025,72026,72025.50,2387,60,1,74,103,127
72026,72027,72026.50,2496,54,1,74,107,130
72027,72028,72027.50,2285,66,1,74,98,123
72028,72029,72028.50,2375,46,1,74,102,126
72029,72030,72029.50,2491,62,1,74,107,130
72030,72031,72030.50,2284,51,1,74,98,123
72031,72032,72031.50,2235,70,1,74,96,121
72032,72033,72032.50,2343,51,1,74,101,125
72033,72034,72033.50,2334,46,1,74,100,125
72034,72035,72034.50,2553,61,1,74,110,132
72035,72036,72035.50,2427,50,1,74,104,128
72036,72037,72036.50,2499,52,1,74,107,130
72037,72038,72037.50,2274,40,1,74,98,123
72038,72039,72038.50,2295,49,1,74,99,123
72039,72040,72039.50,2308,48,1,74,99,124
72040,72041,72040.50,2178,74,1,74,94,119
72041,72042,72041.50,2150,47,1,74,92,118
72042,72043,72042.50,2241,56,1,74,96,121
72043,72044,72043.50,2210,53,1,74,95,120
72044,72045,72044.50,2398,85,1,74,103,127
72045,72046,72045.50,2373,73,1,74,102,126
72046,72047,72046.50,2261,76,1,74,97,122
72047,72048,72047.50,2288,82,1,74,98,123
72048,72049,72048.50,2329,63,1,74,100,125
72049,72050,72049.50,2420,69,1,74,104,128
72050,72051,72050.50,2422,68,1,74,104,128
72051,72052,72051.50,2163,61,1,74,93,119
72052,72053,72052.50,2137,80,1,74,92,118
72053,72054,72053.50,2196,51,1,74,94,120
72054,72055,72054.50,2216,54,1,74,95,121
72055,72056,72055.50,2238,54,1,74,96,121
72056,72057,72056.50,2138,61,1,74,92,118
72057,72058,72057.50,2117,57,1,74,91,117
72058,72059,72058.50,2098,84,1,74,90,117
72059,72060,72059.50,2131,87,1,74,92,118
72060,72061,72060.50,2239,62,1,74,96,121
72061,72062,72061.50,2334,76,1,74,100,125
72062,72063,72062.50,2385,82,1,74,103,126
72063,72064,72063.50,2444,72,1,74,105,129
72064,72065,72064.50,2464,57,1,74,106,129
72065,72066,72065.50,2490,61,1,74,107,130
72066,72067,72066.50,2481,59,1,74,107,130
72067,72068,72067.50,2438,86,1,74,105,128
72068,72069,72068.50,2359,81,1,74,101,126
72069,72070,72069.50,2402,71,1,74,103,127
72070,72071,72070.50,2418,75,1,74,104,128
72071,72072,72071.50,2496,75,1,74,107,130
72072,72073,72072.50,2574,74,1,74,111,133
72073,72074,72073.50,2453,69,1,74,105,129
72074,72075,72074.50,2313,78,1,74,99,124
72075,72076,72075.50,2457,91,1,74,106,129
72076,72077,72076.50,2671,87,1,74,115,137
72077,72078,72077.50,2377,82,1,74,102,126
72078,72079,72078.50,2632,83,1,74,113,135
72079,72080,72079.50,2570,95,1,74,111,133
72080,72081,72080.50,2614,88,1,74,112,135
72081,72082,72081.50,2634,103,1,74,113,135
72082,72083,72082.50,2647,84,1,74,114,136
72083,72084,72083.50,2465,89,1,74,106,129
72084,72085,72084.50,2508,87,1,74,108,131
72085,72086,72085.50,2320,81,1,74,100,124
72086,72087,72086.50,2164,91,1,74,93,119
72087,72088,72087.50,2305,77,1,74,99,124
72126,72127,72126.50,2206,47,1,74,95,120
72127,72128,72127.50,2098,46,1,74,90,117
72128,72129,72128.50,2289,49,1,74,98,123
72129,72130,72129.50,2495,50,1,74,107,130
72130,72131,72130.50,2562,48,1,74,110,133
72131,72132,72131.50,2457,62,1,74,106,129
72132,72133,72132.50,2355,53,1,74,101,125
72133,72134,72133.50,2297,55,1,74,99,123
72134,72135,72134.50,2220,57,1,74,95,121
72135,72136,72135.50,2192,55,1,74,94,120
72136,72137,72136.50,2218,59,1,74,95,121
72137,72138,72137.50,2209,52,1,74,95,120
72138,72139,72138.50,2095,44,1,74,90,117
72139,72140,72139.50,2152,46,1,74,93,118
72140,72141,72140.50,2217,47,1,74,95,121
72141,72142,72141.50,2146,53,1,74,92,118
72142,72143,72142.50,2247,67,1,74,97,122
72143,72144,72143.50,2219,57,1,74,95,121
72144,72145,72144.50,2499,63,1,74,107,130
72145,72146,72145.50,2359,47,1,74,101,126
72146,72147,72146.50,2417,65,1,74,104,128
72147,72148,72147.50,2348,73,1,74,101,125
72148,72149,72148.50,2454,67,1,74,106,129
72149,72150,72149.50,2501,84,1,74,108,131
72150,72151,72150.50,2534,71,1,74,109,132
72151,72152,72151.50,2532,56,1,74,109,132
72152,72153,72152.50,2384,65,1,74,103,126
72153,72154,72153.50,2325,83,1,74,100,124
72154,72155,72154.50,2142,87,1,74,92,118
72155,72156,72155.50,2242,69,1,74,96,122
72156,72157,72156.50,2180,67,1,74,94,119
72157,72158,72157.50,2109,78,1,74,91,117
72158,72159,72158.50,2096,77,1,74,90,117
72159,72160,72159.50,2089,67,1,74,90,116
72160,72161,72160.50,2177,83,1,74,94,119
72161,72162,72161.50,2166,72,1,74,93,119
72162,72163,72162.50,2243,69,1,74,96,122
72163,72164,72163.50,2268,87,1,74,98,122
72164,72165,72164.50,2262,73,1,74,97,122
72165,72166,72165.50,2132,66,1,74,92,118
72166,72167,72166.50,2170,66,1,74,93,119
72167,72168,72167.50,2216,70,1,74,95,121
72168,72169,72168.50,2155,68,1,74,93,119
72169,72170,72169.50,2421,86,1,74,104,128
72170,72171,72170.50,2447,83,1,74,105,129
72171,72172,72171.50,2447,77,1,74,105,129
72172,72173,72172.50,2630,68,1,74,113,135
72173,72174,72173.50,2412,89,1,74,104,127
72174,72175,72174.50,2331,84,1,74,100,125
72175,72176,72175.50,2520,89,1,74,108,131
72176,72177,72176.50,2565,74,1,74,110,133
72177,72178,72177.50,2389,76,1,74,103,127
72178,72179,72178.50,2392,86,1,74,103,127
72179,72180,72179.50,2253,70,1,74,97,122
72180,72181,72180.50,2233,77,1,74,96,121
72181,72182,72181.50,2143,86,1,74,92,118
72182,72183,72182.50,2404,75,1,74,103,127
72183,72184,72183.50,2444,89,1,74,105,129
72184,72185,72184.50,2327,89,1,74,100,124
72185,72186,72185.50,2371,74,1,74,102,126
72186,72187,72186.50,2361,81,1,74,102,126
72187,72188,72187.50,2184,85,1,74,94,120
72188,72189,72188.50,2030,77,1,74,87,114
72189,72190,72189.50,2118,71,1,74,91,117
72190,72191,72190.50,2132,83,1,74,92,118
72191,72192,72191.50,2054,71,1,74,88,115
72192,72193,72192.50,2066,63,1,74,89,116
72193,72194,72193.50,2102,70,1,74,90,117
72194,72195,72194.50,2152,69,1,74,93,118
72195,72196,72195.50,2115,65,1,74,91,117
72196,72197,72196.50,2125,62,1,74,91,118
72197,72198,72197.50,2120,75,1,74,91,117
72198,72199,72198.50,2036,56,1,74,88,115
72199,72200,72199.50,1996,51,1,74,86,113
72200,72201,72200.50,2079,42,1,74,89,116
72201,72202,72201.50,2012,48,1,74,87,114
72202,72203,72202.50,2050,52,1,74,88,115
72203,72204,72203.50,2025,47,1,74,87,114
72204,72205,72204.50,1806,40,1,74,78,107
72205,72206,72205.50,1907,40,1,74,82,110
72206,72207,72206.50,1875,57,1,74,81,109
72207,72208,72207.50,1934,50,1,74,83,111
72208,72209,72208.50,1961,50,1,74,84,112
72209,72210,72209.50,2068,40,1,74,89,116
72210,72211,72210.50,1931,43,1,74,83,111
72211,72212,72211.50,2006,49,1,74,86,114
72212,72213,72212.50,2122,45,1,74,91,117
72213,72214,72213.50,2101,46,1,74,90,117
72214,72215,72214.50,2087,46,1,74,90,116
72215,72216,72215.50,2154,52,1,74,93,119
72216,72217,72216.50,2180,47,1,74,94,119
72217,72218,72217.50,2098,40,1,74,90,117
72218,72219,72218.50,2005,69,1,74,86,114
72219,72220,72219.50,2070,70,1,74,89,116
72220,72221,72220.50,1997,50,1,74,86,113
72221,72222,72221.50,1938,48,1,74,83,111
72222,72223,72222.50,1976,52,1,74,85,113
72223,72224,72223.50,1957,48,1,74,84,112
72224,72225,72224.50,1989,52,1,74,86,113
72225,72226,72225.50,1858,54,1,74,80,109
72226,72227,72226.50,1761,47,1,74,76,106
72227,72228,72227.50,1693,49,1,74,73,104
72228,72229,72228.50,1697,50,1,74,73,104
72229,72230,72229.50,1773,53,1,74,76,106
72230,72231,72230.50,1757,56,1,74,76,106
72231,72232,72231.50,1721,49,1,74,74,105
72232,72233,72232.50,1678,46,1,74,72,103
72233,72234,72233.50,1714,64,1,74,74,104
72234,72235,72234.50,1658,53,1,74,71,103
72235,72236,72235.50,1775,53,1,74,76,106
72236,72237,72236.50,1741,45,1,74,75,105
72237,72238,72237.50,1704,55,1,74,73,104
