frappe-SMPS_C130_20140731_R0.ict
66, 1001
Smith, James N.
National Center for Atmospheric Research, Atmospheric Chemistry Division
Scanning mobility particle sizer (SMPS) on NSF C130
Frappe
1,1
2014, 07, 31, 2014, 12, 30
0
start_TOD_UTC, Seconds after midnight UTC,Aquisition start time in UTC seconds after midnight
33
1,1,1,1,1,1,1,1,1,1,1,1,1,1,1,1,1,1,1,1,1,1,1,1,1,1,1,1,1,1,1,1,1
-9999,-9999,-9999,-9999,-9999,-9999,-9999,-9999,-9999,-9999,-9999,-9999,-9999,-9999,-9999,-9999,-9999,-9999,-9999,-9999,-9999,-9999,-9999,-9999,-9999,-9999,-9999,-9999,-9999,-9999,-9999,-9999,-9999
end_TOD_UTC, seconds UTC after midnight, time of day in seconds since midnight of scan end
tmid_TOD_UTC, seconds UTC after midnight, time of day in seconds since midnight of scan midpoint
integrated_N, integrated particle counts in number per cm3
DP01_nm, DP in nm, Particle mobility diameter of bin 1 in nm
DP02_nm, DP in nm, Particle mobility diameter of bin 2 in nm
DP03_nm, DP in nm, Particle mobility diameter of bin 3 in nm
DP04_nm, DP in nm, Particle mobility diameter of bin 4 in nm
DP05_nm, DP in nm,  Particle mobility diameter of bin 5 in nm
DP06_nm, DP in nm, Particle mobility diameter of bin 6 in nm
DP07_nm, DP in nm, Particle mobility diameter of bin 7 in nm
DP08_nm, DP in nm, Particle mobility diameter of bin 8 in nm
DP09_nm, DP in nm, Particle mobility diameter of bin 9 in nm
DP10_nm, DP in nm, Particle mobility diameter of bin 10 in nm
DP11_nm, DP in nm, Particle mobility diameter of bin 11 in nm
DP12_nm, DP in nm, Particle mobility diameter of bin 12 in nm
DP13_nm, DP in nm, Particle mobility diameter of bin 13 in nm
DP14_nm, DP in nm, Particle mobility diameter of bin 14 in nm
DP15_nm, DP in nm, Particle mobility diameter of bin 15 in nm
dN_dlogDp_01, #/cc, dN_dlogDp of bin 1 in particle counts per cm^3
dN_dlogDp_02, #/cc, dN_dlogDp of bin 2 in particle counts per cm^3
dN_dlogDp_03, #/cc, dN_dlogDp of bin 3 in particle counts per cm^3
dN_dlogDp_04, #/cc, dN_dlogDp of bin 4 in particle counts per cm^3
dN_dlogDp_05, #/cc, dN_dlogDp of bin 5 in particle counts per cm^3
dN_dlogDp_06, #/cc, dN_dlogDp of bin 6 in particle counts per cm^3
dN_dlogDp_07, #/cc, dN_dlogDp of bin 7 in particle counts per cm^3
dN_dlogDp_08, #/cc, dN_dlogDp of bin 8 in particle counts per cm^3
dN_dlogDp_09, #/cc, dN_dlogDp of bin 9 in particle counts  per cm^3
dN_dlogDp_10, #/cc, dN_dlogDp of bin 10 in particle counts per cm^3
dN_dlogDp_11, #/cc, dN_dlogDp of bin 11 in particle counts per cm^3
dN_dlogDp_12, #/cc, dN_dlogDp of bin 12 in particle counts per cm^3
dN_dlogDp_13, #/cc, dN_dlogDp of bin 13 in particle counts per cm^3
dN_dlogDp_14, #/cc, dN_dlogDp of bin 14 in particle counts per cm^3
dN_dlogDp_15, #/cc, dN_dlogDp of bin 15 in particle counts per cm^3
1
Research flight 5:  Take off 07/31/2014 19:54:30 UTC, Land 08/01/2014 01:11:00 UTC; Errant data due to faulty flow controller has been eliminated and replaced with -9999
18
PI_CONTACT_INFO: National Center for Atmospheric Research, PO Box 3000, Boulder, CO 80307; email: jimsmith@ucar.edu   phone: (303) 497-1468
PLATFORM: NCAR-National Science Foundation C130 aircraft
LOCATION: United States, Broomfield, CO (Colorado Front Range)
ASSOCIATED_DATA: N/A
INSTRUMENT_INFO: NCAR-ACD-UA group Scanning Mobility Particle Sizer (SMPS)
DATA_INFO: Positively charged particles.  DMA voltage scans from -17 to -4500 V and then from -4500 V to -17 V (60 seconds for each scan).  Time stamp synchronized with ADS during flight.  Inversions calculated using instrument pressure and temperature to determine particle mobility diameters, gas mean free path, and number concentration for each size bin.  Corrections have been applied for tubing losses, particle charging efficiency, and counting efficiency)
UNCERTAINTY: +/- 20% concentration (dN/dlogDp), +/- 10% diameter (Dp)
ULOD_FLAG: -7777
ULOD_VALUE: N/A
LLOD_FLAG: -8888
LLOD_VALUE: N/A
DM_CONTACT_INFO: John Ortega; National Center for Atmospheric Research, ortega@ucar.edu
PROJECT_INFO: Frappe, July 15 - August 18, 2014.
STIPULATIONS_ON_USE: N/A
OTHER_COMMENTS: Final data (2014).  Diagnostics (DMA sheath and aerosol flows, CPC parameters, etc.) available upon request.
REVISION: R0
R0
start_TOD_UTC, end_TOD_UTC, tmid_TOD_UTC, integrated_N, DP01_nm, DP02_nm, DP03_nm, DP04_nm, DP05_nm, DP06_nm, DP07_nm, DP08_nm, DP09_nm, DP10_nm, DP11_nm, DP12_nm, DP13_nm, DP14_nm, DP15_nm, dN_dlogDp_01, dN_dlogDp_02, dN_dlogDp_03, dN_dlogDp_04, dN_dlogDp_05, dN_dlogDp_06, dN_dlogDp_07, dN_dlogDp_08, dN_dlogDp_09, dN_dlogDp_10, dN_dlogDp_11, dN_dlogDp_12, dN_dlogDp_13, dN_dlogDp_14, dN_dlogDp_15
[from data line 118]
    79298,     79358,     79328,       873, -7777.0,   8.6,  10.4,  12.6,  15.1,  18.3,  22.1,  26.6,  32.3,  39.1,  47.4,  57.6,  70.2,  85.8, 105.0, -7777.0,  183.3,  344.2,  471.9,  541.7,  559.3,  660.6,  816.8,  869.5,  880.4,  908.0,  912.4,  936.2, 1041.3, 1183.8 
    79363,     79423,     79393,      1150, -7777.0,   8.6,  10.4,  12.5,  15.1,  18.2,  22.0,  26.6,  32.2,  39.0,  47.3,  57.4,  70.0,  85.4, 104.8, -7777.0, 1147.2,  577.4,  386.4,  446.6,  556.3,  749.9,  795.4,  890.9, 1030.9, 1041.1, 1014.1, 1122.9, 1346.3, 1369.1 
    79427,     79487,     79457,      5404, -7777.0,   8.5,  10.3,  12.3,  14.9,  17.9,  21.6,  26.1,  31.5,  38.1,  46.2,  56.1,  68.3,  83.3, 101.9, -7777.0, 5939.9, 13455.4, 17391.5, 10288.9, 4635.9, 2421.7, 1282.3, 1100.1,  933.5, 1014.6, 1094.2,  865.1,  861.3, 1209.2 
    79492,     79552,     79522,      1427, -7777.0,   8.5,  10.2,  12.3,  14.8,  17.9,  21.6,  26.0,  31.5,  38.1,  46.1,  56.0,  68.1,  83.2, 101.9, -7777.0,  405.9,  345.4,  446.6,  626.1, 1001.2, 1279.1, 2106.1, 1695.7, 1801.9, 1711.3, 1300.0, 1208.7, 1283.0, 1471.3 
    79557,     79617,     79587,      1942, -7777.0,   8.2,   9.9,  11.9,  14.3,  17.3,  20.8,  25.1,  30.3,  36.7,  44.4,  53.9,  65.5,  79.8,  97.5, -7777.0,  250.6,  310.9,  312.7,  559.6, 1480.2, 3064.3, 4056.4, 3554.9, 2582.7, 2123.7, 1605.0, 1278.9, 1098.0, 1064.6 
    79622,     79682,     79652,      2759, -7777.0,   8.2,   9.8,  11.9,  14.3,  17.2,  20.8,  25.1,  30.3,  36.6,  44.3,  53.8,  65.3,  79.7,  97.5, -7777.0,  660.7,  789.4, 1216.5, 1758.9, 3343.3, 4912.0, 4788.6, 3981.5, 3011.0, 2269.9, 1819.5, 1487.2, 1349.4, 1319.3 
    79686,     79746,     79716,      1651, -7777.0,   8.6,  10.3,  12.4,  15.0,  18.0,  21.8,  26.3,  31.7,  38.4,  46.5,  56.5,  68.7,  83.9, 102.6, -7777.0,  349.3,  559.5, 1029.4, 1294.8, 1723.2, 2667.2, 3023.0, 2430.7, 1710.8, 1164.0,  996.8,  912.8,  850.0,  918.3 
    79751,     79811,     79781,      2188, -7777.0,   8.6,  10.3,  12.4,  14.9,  18.0,  21.7,  26.2,  31.7,  38.3,  46.4,  56.3,  68.6,  83.6, 102.3, -7777.0, 1426.4, 1775.8, 2143.3, 2419.8, 2607.7, 2350.4, 2572.7, 2645.6, 2067.3, 1507.5, 1121.2,  948.3, 1040.0, 1088.4 
    79816,     79876,     79846,      1914, -7777.0,   8.5,  10.3,  12.4,  14.9,  18.0,  21.7,  26.2,  31.6,  38.2,  46.3,  56.2,  68.4,  83.5, 102.0, -7777.0,  584.9,  538.0,  555.0, 1059.8, 1763.4, 1943.5, 2679.1, 3504.7, 3045.4, 2511.1, 1742.3, 1142.3,  815.5,  680.2 
    79880,     79940,     79910,      2482, -7777.0,   8.5,  10.3,  12.4,  14.9,  17.9,  21.6,  26.1,  31.5,  38.1,  46.2,  56.0,  68.2,  83.2, 101.9, -7777.0,  578.5,  896.8, 1315.2, 2090.7, 3061.7, 3970.5, 4423.8, 3701.5, 2876.7, 2505.2, 1648.1,  995.4,  816.4,  788.2 
    79945,     80005,     79975,      3112, -7777.0,   8.6,  10.3,  12.4,  14.9,  18.0,  21.7,  26.2,  31.6,  38.2,  46.3,  56.2,  68.3,  83.4, 102.0, -7777.0,  398.5,  485.1,  877.8, 1577.4, 2717.3, 3717.9, 4353.0, 5189.0, 6372.0, 5936.4, 3063.5, 1219.5,  701.1,  576.3 
    80010,     80070,     80040,      3054, -7777.0,   8.5,  10.3,  12.4,  14.9,  17.9,  21.6,  26.1,  31.5,  38.1,  46.2,  56.1,  68.3,  83.3, 101.9, -7777.0,  566.9,  711.5, 1171.6, 1796.3, 2458.3, 3627.4, 4163.1, 4991.3, 5437.2, 5178.9, 3525.7, 1476.6,  649.9,  609.8 
    80075,     80135,     80105,      4136, -7777.0,   8.7,  10.4,  12.5,  15.1,  18.2,  21.9,  26.5,  32.0,  38.7,  46.9,  57.0,  69.3,  84.5, 103.4, -7777.0,  335.6,  399.4,  552.7,  865.6,  919.4, 1020.6, 1632.5, 2465.0, 4386.1, 6980.3, 7783.3, 8706.3, 8442.6, 4115.4 
    80139,     80199,     80169,      4462, -7777.0,   8.6,  10.4,  12.5,  15.1,  18.2,  21.9,  26.4,  31.9,  38.6,  46.8,  56.8,  69.1,  84.3, 103.3, -7777.0,  271.5,  374.3,  410.7, 1069.8, 1664.0, 2475.4, 2640.9, 4405.1, 4661.6, 8408.3, 10955.0, 7556.9, 4878.2, 2810.4 
    80204,     80264,     80234,      3842, -7777.0,   8.6,  10.3,  12.4,  14.9,  18.0,  21.7,  26.2,  31.6,  38.2,  46.3,  56.2,  68.3,  83.5, 102.1, -7777.0,  540.3,  345.0,  473.1,  876.6, 1212.5, 1527.2, 1879.5, 2528.2, 3595.3, 5337.5, 7341.4, 8342.5, 6841.3, 4174.3 
    80268,     80328,     80298,      5926, -7777.0,   8.5,  10.3,  12.3,  14.9,  17.9,  21.6,  26.1,  31.5,  38.1,  46.2,  56.1,  68.2,  83.2, 101.8, -7777.0,  475.6,  707.7, 1147.6, 1747.2, 2645.1, 3134.4, 3719.9, 3955.9, 5238.7, 8182.0, 10043.4, 13191.6, 10575.2, 5110.5 
    80333,     80393,     80363,      6846, -7777.0,   8.3,  10.0,  12.1,  14.5,  17.5,  21.1,  25.5,  30.8,  37.2,  45.1,  54.8,  66.5,  81.1,  99.1, -7777.0,  372.3,  699.3, 1093.3, 1741.4, 3033.0, 5273.8, 7795.8, 9290.0, 9408.5, 11562.8, 13491.2, 10076.0, 5591.5, 2429.2 
    80398,     80458,     80428,      7194, -7777.0,   8.3,  10.0,  12.1,  14.5,  17.5,  21.1,  25.4,  30.7,  37.1,  45.0,  54.5,  66.3,  80.9,  99.0, -7777.0,  381.7, 1048.7, 1678.1, 2472.9, 2696.4, 4112.1, 5423.3, 6370.4, 9094.2, 15426.7, 17758.5, 11774.9, 5262.6, 2489.3 
    80463,     80523,     80493,      4646, -7777.0,   8.8,  10.6,  12.7,  15.3,  18.4,  22.3,  26.9,  32.4,  39.2,  47.6,  57.8,  70.2,  85.7, 104.9, -7777.0,  245.0,  295.8,  432.9,  566.4, 1028.1, 1603.1, 1590.0, 2798.3, 5883.2, 8902.6, 10904.8, 9026.5, 6117.3, 5311.4 
    80528,     80588,     80558,      3969, -7777.0,   8.8,  10.5,  12.7,  15.3,  18.4,  22.2,  26.8,  32.3,  39.2,  47.5,  57.6,  70.1,  85.5, 104.7, -7777.0,   85.6,  132.8,  309.4,  449.0,  556.9,  637.7,  970.3, 1849.5, 5674.3, 7337.8, 8548.2, 9542.4, 5988.8, 4637.8 
    80592,     80652,     80622,      1154, -7777.0,   8.5,  10.2,  12.3,  14.9,  17.9,  21.6,  26.0,  31.5,  38.0,  46.1,  56.0,  68.1,  83.0, 101.5, -7777.0,   34.4,  153.7,  285.9,  410.7,  592.5,  691.8,  699.9,  663.7,  833.6, 1220.4, 1874.8, 2326.8, 2203.7, 1567.8 
    80657,     80717,     80687,      1481, -7777.0,   8.5,  10.2,  12.3,  14.8,  17.9,  21.5,  26.0,  31.4,  38.0,  46.0,  55.8,  67.8,  82.8, 101.4, -7777.0,  417.8,  538.7,  496.3,  610.5,  840.0, 1055.2,  999.4, 1209.7, 1400.3, 1690.1, 1979.7, 2287.6, 2040.2, 1489.3 
    80722,     80782,     80752,      1568, -7777.0,   8.4,  10.1,  12.2,  14.6,  17.6,  21.3,  25.7,  31.0,  37.5,  45.4,  55.1,  67.0,  81.8, 100.0, -7777.0,  507.5,  461.2,  421.7,  658.5, 1063.6, 1146.1, 1106.7, 1267.5, 1475.0, 1232.3, 1744.5, 2481.7, 2327.9, 2354.5 
    80787,     80847,     80817,       952, -7777.0,   8.4,  10.1,  12.1,  14.6,  17.6,  21.2,  25.6,  30.9,  37.4,  45.3,  55.0,  66.8,  81.5,  99.8, -7777.0,  392.9,  588.3,  471.8,  703.9,  737.6,  945.5,  690.6,  649.0,  700.9,  692.1,  881.8, 1269.7, 1119.9, 1322.3 
    80852,     80912,     80882,      1961, -7777.0,   8.6,  10.3,  12.4,  15.0,  18.0,  21.7,  26.2,  31.6,  38.2,  46.2,  56.0,  68.1,  83.0, 101.4, -7777.0,  310.3,  427.7,  551.6,  668.8,  927.8, 1284.4, 1908.0, 2569.6, 2838.7, 3129.5, 2953.6, 2378.7, 1889.7, 1464.0 
    80916,     80976,     80946,      2595, -7777.0,   8.6,  10.3,  12.4,  14.9,  18.0,  21.6,  26.1,  31.5,  38.1,  46.1,  55.9,  67.9,  82.8, 101.3, -7777.0,  635.7,  791.8,  847.9, 1249.4, 1509.9, 2597.3, 2615.3, 2940.1, 3521.6, 4046.3, 3719.6, 2837.7, 2079.2, 1575.5 
    80981,     81041,     81011,      2416, -7777.0,   8.5,  10.2,  12.2,  14.6,  17.6,  21.1,  25.4,  30.6,  37.0,  44.7,  54.1,  65.7,  80.0,  97.7, -7777.0,  395.2,  549.4,  699.1,  824.1, 1066.8, 1502.5, 2284.7, 3026.6, 3423.6, 4028.0, 4102.1, 3196.9, 2181.1, 1596.8 
    81046,     81106,     81076,      4837, -7777.0,   8.4,  10.1,  12.2,  14.6,  17.5,  21.1,  25.4,  30.6,  36.9,  44.6,  54.0,  65.5,  79.8,  97.6, -7777.0,  380.8,  693.8, 1063.9, 1525.3, 2458.0, 4349.3, 6375.7, 9657.2, 10258.3, 8576.2, 5903.6, 3626.9, 2224.5, 1629.3 
    81111,     81171,     81141,      4438, -7777.0,   8.6,  10.3,  12.4,  14.9,  17.9,  21.5,  25.9,  31.2,  37.6,  45.4,  55.0,  66.8,  81.4,  99.4, -7777.0,  296.0,  250.7,  579.8, 1068.3, 1662.3, 2641.2, 3590.7, 5558.6, 8260.9, 10170.7, 10007.7, 6080.3, 1930.0, 1395.9 
    81176,     81236,     81206,      6810, -7777.0,   8.6,  10.3,  12.4,  14.8,  17.8,  21.4,  25.8,  31.1,  37.5,  45.3,  54.9,  66.6,  81.1,  99.3, -7777.0,  887.1, 1090.4, 2060.4, 3478.7, 4688.0, 7069.3, 11080.9, 13606.0, 13621.1, 10918.4, 6887.4, 3706.2, 2006.9, 1330.7 
    81240,     81300,     81270,      4527, -7777.0,   8.3,   9.9,  11.9,  14.3,  17.2,  20.7,  24.9,  30.0,  36.1,  43.7,  52.9,  64.2,  78.1,  95.2, -7777.0,  409.6,  570.8,  986.2, 1354.5, 1590.3, 2346.9, 3567.8, 5604.0, 8100.6, 10219.9, 9667.4, 5665.9, 2603.3, 1463.8 
    81305,     81365,     81335,      2901, -7777.0,   8.3,   9.9,  11.9,  14.3,  17.2,  20.6,  24.8,  29.9,  36.1,  43.6,  52.7,  64.0,  78.0,  95.2, -7777.0,  303.7,  536.5,  894.8, 1061.9, 1698.7, 2429.9, 3247.6, 4210.9, 5398.5, 5925.2, 4385.4, 2296.2, 1404.1, 1272.2 
    81370,     81430,     81400,      3409, -7777.0,   8.4,  10.1,  12.1,  14.6,  17.5,  21.0,  25.3,  30.5,  36.7,  44.4,  53.8,  65.3,  79.4,  97.0, -7777.0,  360.1,  512.7,  656.0,  854.1, 1420.0, 2148.2, 3005.8, 4363.8, 6372.6, 8211.2, 6985.9, 3391.7, 1433.3, 1355.1 
    81435,     81495,     81465,      3770, -7777.0,   8.4,  10.1,  12.1,  14.5,  17.4,  21.0,  25.2,  30.4,  36.7,  44.3,  53.7,  65.1,  79.3,  96.9, -7777.0,  578.5,  645.1,  728.9,  747.1, 1136.2, 2032.8, 3270.2, 4732.3, 6986.1, 9504.0, 8575.4, 3817.0, 1225.8, 1124.2 
    81500,     81560,     81530,      1649, -7777.0,   8.4,  10.1,  12.1,  14.6,  17.5,  21.0,  25.3,  30.4,  36.7,  44.4,  53.7,  65.2,  79.3,  96.8, -7777.0,  411.5,  563.8,  833.8, 1178.5, 1680.8, 2373.5, 2828.0, 2859.9, 2543.5, 1838.5, 1070.1,  644.7,  464.2,  542.2 
    81565,     81625,     81595,      2425, -7777.0,   8.4,  10.1,  12.1,  14.5,  17.4,  21.0,  25.2,  30.3,  36.6,  44.2,  53.6,  65.0,  79.1,  96.7, -7777.0,  649.7,  892.6, 1485.4, 2208.3, 2827.7, 3946.4, 4530.9, 4180.1, 3151.4, 2115.7, 1227.3,  735.3,  631.1,  650.4 
    81630,     81690,     81660,      2365, -7777.0,   8.7,  10.4,  12.5,  15.0,  18.0,  21.7,  26.1,  31.4,  37.9,  45.8,  55.5,  67.3,  82.0, 100.2, -7777.0,  784.3,  978.9, 1146.9, 1555.4, 2322.9, 3150.7, 3798.0, 4222.3, 3691.2, 2828.7, 1883.5,  911.2,  623.4,  617.9 
    81695,     81755,     81725,      2078, -7777.0,   8.7,  10.4,  12.4,  15.0,  18.0,  21.6,  26.0,  31.4,  37.8,  45.7,  55.4,  67.3,  81.9, 100.1, -7777.0,  796.7, 1183.5, 1591.8, 1734.3, 2150.5, 2697.0, 3161.2, 3192.2, 2672.8, 2156.6, 1380.8,  804.4,  683.4,  718.3 
    81759,     81819,     81789,      2314, -7777.0,   8.7,  10.4,  12.5,  15.0,  18.1,  21.7,  26.1,  31.5,  38.0,  45.9,  55.6,  67.5,  82.3, 100.4, -7777.0,  819.0, 1641.0, 2214.1, 2268.5, 2278.0, 2307.5, 2442.2, 2813.3, 3050.2, 2915.0, 2144.6, 1259.1,  948.9,  891.9 
    81824,     81884,     81854,      2205, -7777.0,   8.7,  10.4,  12.5,  15.0,  18.0,  21.6,  26.1,  31.4,  37.9,  45.8,  55.5,  67.4,  82.1, 100.3, -7777.0,  521.1, 1000.6, 1639.6, 2408.1, 2523.3, 2157.8, 2248.7, 2915.9, 2941.5, 2644.1, 2058.4, 1439.1, 1130.6, 1045.5 
    81888,     81948,     81918,      2568, -7777.0,   7.9,   9.5,  11.4,  13.7,  16.4,  19.8,  23.8,  28.7,  34.6,  41.7,  50.5,  61.2,  74.4,  90.7, -7777.0,  351.1,  772.7, 1660.3, 2600.9, 3310.3, 3662.9, 3444.1, 3793.8, 3354.7, 2701.5, 2121.7, 1310.5,  972.6, 1266.1 
    81953,     82013,     81983,      2969, -7777.0,   7.9,   9.5,  11.4,  13.7,  16.4,  19.7,  23.7,  28.6,  34.5,  41.6,  50.3,  60.9,  74.1,  90.6, -7777.0, 1027.2, 1176.6, 2347.6, 3227.9, 4224.5, 4753.0, 4796.2, 3884.9, 2737.5, 2119.9, 1461.3, 1365.5, 1343.7, 1554.3 
    82018,     82078,     82048,      1541, -7777.0,   8.7,  10.4,  12.5,  15.0,  18.1,  21.8,  26.2,  31.5,  38.0,  46.0,  55.7,  67.7,  82.5, 100.6, -7777.0,  333.0,  400.8,  646.7,  986.1, 1457.6, 2082.8, 2627.6, 2614.3, 2118.6, 1458.0, 1128.5,  898.0,  901.6,  878.5 
    82082,     82142,     82112,      1147, -7777.0,   8.7,  10.4,  12.5,  15.0,  18.0,  21.7,  26.1,  31.4,  38.0,  45.9,  55.6,  67.5,  82.3, 100.5, -7777.0,  480.3,  563.2,  596.3,  565.8,  619.7,  999.6, 1407.0, 1585.7, 1514.9, 1300.5, 1074.6,  941.2,  915.5,  977.3 
    82147,     82207,     82177,      1222, -7777.0,   8.4,  10.1,  12.1,  14.5,  17.4,  21.0,  25.3,  30.5,  36.9,  44.6,  54.0,  65.6,  79.9,  97.6, -7777.0,  413.8,  615.1,  767.1,  734.6,  693.1,  948.5, 1076.8, 1149.7, 1379.6, 1562.4, 1542.1, 1244.2, 1130.0, 1306.1 
    82212,     82272,     82242,      1187, -7777.0,   8.3,  10.0,  12.0,  14.5,  17.4,  20.9,  25.3,  30.5,  36.8,  44.5,  53.9,  65.4,  79.7,  97.5, -7777.0,  206.5,  571.5,  688.0,  768.0,  778.4,  822.8,  985.2, 1054.8, 1242.5, 1388.5, 1343.3, 1323.5, 1399.4, 1541.8 
    82277,     82337,     82307,      1623, -7777.0,   8.3,  10.0,  12.1,  14.5,  17.5,  21.1,  25.5,  30.7,  37.1,  45.0,  54.5,  66.2,  80.8,  98.7, -7777.0,  477.1,  746.5, 1156.0, 1675.2, 2524.9, 2387.1, 1797.2, 1612.1, 1271.3, 1063.5, 1110.9, 1172.0, 1169.3, 1093.6 
    82341,     82401,     82371,      1159, -7777.0,   8.3,  10.0,  12.0,  14.5,  17.4,  21.0,  25.4,  30.7,  37.1,  44.9,  54.4,  66.2,  80.7,  98.7, -7777.0,  411.5,  357.0,  249.6,  792.2,  949.4,  817.5, 1313.6, 1219.8, 1530.5, 1509.1, 1304.2, 1095.5, 1192.7, 1017.8 
    82406,     82466,     82436,      1712, -7777.0,   8.5,  10.2,  12.3,  14.8,  17.8,  21.5,  25.9,  31.3,  37.8,  45.7,  55.5,  67.5,  82.4, 100.7, -7777.0,   78.0,  202.0,  303.0,  428.9,  765.1, 1283.6, 1913.9, 2692.1, 3403.0, 3289.3, 2470.4, 1601.5, 1132.3,  964.4 
    82470,     82530,     82500,      2366, -7777.0,   8.5,  10.2,  12.3,  14.8,  17.8,  21.4,  25.9,  31.2,  37.7,  45.6,  55.4,  67.4,  82.1, 100.5, -7777.0,  220.1,  451.0,  621.8,  894.1, 1530.2, 2251.8, 3468.2, 4383.5, 4515.1, 3791.3, 2527.2, 1594.3, 1179.6, 1072.5 
    82535,     82595,     82565,      2435, -7777.0,   8.4,  10.2,  12.2,  14.7,  17.7,  21.4,  25.8,  31.1,  37.6,  45.5,  55.2,  67.2,  81.9, 100.1, -7777.0,  156.9,  187.3,  315.0,  538.7,  776.4, 1376.6, 2734.0, 4528.4, 6113.3, 5766.7, 3580.8, 1690.4,  894.3,  601.2 
    82600,     82660,     82630,      2554, -7777.0,   8.4,  10.2,  12.2,  14.7,  17.7,  21.3,  25.7,  31.1,  37.5,  45.5,  55.1,  67.0,  81.7, 100.0, -7777.0,  132.7,  369.5,  723.7, 1386.7, 2440.5, 3734.9, 4521.4, 4790.4, 5199.1, 3714.0, 1679.0,  878.1,  656.5,  639.2 
    82665,     82725,     82695,      2776, -7777.0,   8.2,   9.9,  11.9,  14.4,  17.4,  21.0,  25.4,  30.7,  37.2,  45.1,  54.7,  66.6,  81.4,  99.5, -7777.0,  125.0,  196.0,  286.1,  382.7,  828.5, 1481.1, 2802.9, 4790.6, 5224.9, 5814.2, 5631.6, 2583.5, 1567.6, 1295.8 
    82730,     82790,     82760,      2547, -7777.0,   8.2,   9.9,  11.9,  14.4,  17.4,  21.0,  25.3,  30.6,  37.1,  45.0,  54.6,  66.4,  81.1,  99.4, -7777.0,  220.4,  139.5,   62.9,  188.2,  630.4, 1187.4, 3838.8, 4301.7, 5208.7, 5142.0, 3862.5, 2411.8, 1623.8, 1341.3 
    82794,     82854,     82824,      2507, -7777.0,   8.4,  10.1,  12.2,  14.7,  17.7,  21.4,  25.9,  31.3,  37.9,  46.0,  55.9,  68.2,  83.2, 101.7, -7777.0,   24.4,   65.4,  140.5,  292.4,  938.6, 2452.8, 3810.7, 5056.1, 5430.9, 4065.3, 2857.8, 1913.1, 1570.6, 1254.5 
    82859,     82919,     82889,      3054, -7777.0,   8.3,  10.1,  12.1,  14.6,  17.7,  21.4,  25.8,  31.2,  37.9,  45.9,  55.8,  68.0,  83.1, 101.7, -7777.0,  150.2,  142.6,  325.4,  982.2, 1158.9, 1540.9, 2971.5, 4729.7, 5687.8, 6022.2, 5392.4, 3686.6, 2027.7, 1298.9 
    82924,     82984,     82954,      3279, -7777.0,   8.5,  10.2,  12.3,  14.9,  18.0,  21.7,  26.2,  31.7,  38.5,  46.7,  56.7,  69.1,  84.3, 103.2, -7777.0,   10.9,   88.5,  262.4,  544.2, 1032.4, 1817.6, 3516.0, 5962.5, 7538.3, 7462.5, 5515.2, 2685.5, 1386.3, 1152.7 
    82989,     83049,     83019,      6696, -7777.0,   8.5,  10.2,  12.3,  14.9,  17.9,  21.6,  26.2,  31.7,  38.4,  46.5,  56.6,  68.9,  84.2, 103.1, -7777.0,  522.0,  939.1, 2108.9, 3896.2, 7248.4, 8720.9, 9395.4, 12656.5, 13419.1, 9546.6, 5804.7, 2924.9, 1634.9, 1303.8 
