frappe-CH2O_C130_20140731_R1.ict
280,1001
Alan Fried, Petter Weibring, Dirk Richter and James Walega
The University of Colorado at Boulder - INSTAAR
Formaldehyde on the NCAR C130 Employing the Compact Atmospheric Multi-species Spectrometer (CAMS) During FRAPPE
FRAPPE
1, 1
2014, 07, 31, 2015, 1, 23
0
CH2O_Start_SOD_UTC, secondsUTC, seconds since 00:00:00 UTC
8
1, 1, 1, 1, 1, 1, 1,1
-9999,-9999,-9999,-9999,-9999,-9999,-9999,-9999
CH2O_Stop_SOD_UTC, secondsUTC, seconds since 00:00:00 UTC
CH2O_Mid_SOD_UTC, secondsUTC, seconds since 00:00:00 UTC
CH2O_pptv, pptv, 1 second data or a longer averaging period as mixing ratio by volume
CH2O_sdev, pptv, 1 second standard deviation reported as fit precisions or standard deviation over averaging time period as mixing ratio by volume
CH2O_cnt, cnt, number of measurements in averaging period
CH20_LOD_pptv, pptv, Limit of Detection
CH2O_SMU_pptv, pptv, Systematic Measurement Uncertainty
CH2O_TMU_pptv, pptv, Total Measurement Uncertainty
237

*****************  FRAPPE Experiment Colorado Deployment  *****************



Deployment:             July 2014 - August 2014

Aircraft:              The NCAR C130 Aircraft


*****************   USE OF THIS DATA REQUIRES   *****************


USERS OF THIS DATA ARE STRONGLY ENCOURAGED TO CONTACT THE EXPERIMENTERS,
AND ANY PRESENTATION OR PUBLICATION OF THE DATA CONTAINED IN THIS FILE
SHOULD ACKNOWLEDGE THE "UNIVERSITY OF COLORADO - INSTAAR"


*****************        Data Availability *****************

		RF01	20140726
		RF02	20140727
		RF03	20140728
		RF04	20140729
		RF05	20140731
		RF06	20140802
		RF07	20140803
		RF08	20140806
		RF09	20140807
		RF10	20140808
		RF11	20140811
		RF12	20140812
		RF13	20140815
		RF14	20140816
		RF15	20140818
    


*****************   Data Reported In This File  *****************

CH2O_Start_SOD_UTC   - Start time of averaging period (seconds since 00:00:00 UTC)
CH2O_Stop_SOD_UTC    - Stop  time of averaging period (seconds since 00:00:00 UTC)
CH2O_Mid_SOD_UTC     - Mid   time of averaging period (seconds since 00:00:00 UTC)
CH2O_pptv            - CH2O mixing ratio              (pptv)
CH2O_sdev            - Standard deviation of measurements of CH2O mixing ratio in averaging period, for 1 sec data this is the fit precision (pptv)
CH2O_cnt             - number of measurements in averaging period
CH20_LOD_pptv        - 1 Sigma Limit of Detection                        (pptv)
CH2O_SMU_pptv        - 1 Sigma Systematic Measurement Uncertainty        (pptv)
CH2O_TMU_pptv        - 1 Sigma Total Measurement Uncertainty             (pptv)


*****************      Principal Investigator   *****************


                       Alan Fried
                       University of Colorado - INSTAAR
             mail:     1560 30th ST, 450 UCB, Boulder CO 80309
             shipping: 1560 30th ST, 450 UCB, Boulder CO 80309
             phone:    303-492-7559
             fax:      303-492-6388
             email:    alan.fried@colorado.edu

********************************************************************************

***  Difference Frequency Generation (DFG): Data Acquisition Frequency & Data Reduction

A room temperature tunable IR laser source based upon difference frequency
generation using two different laser pairs mixed in a non-linear crystal
[...]
employ these fit precisions in our uncertainty estimates in the present data sets.
Future use of these fit precisions must first await a more comprehensive study of the relationship
between fit and replicate precision estimates as a function of the ambient levels, including ambient
methanol levels. 

The overall total uncertainty was then derived by quadrature addition of
the systematic term with the LOD, both at the 1 sigma levels.
*****************************************************************************************************************************************

21

PI_CONTACT_INFO: Address: University of Colorado - INSTAAR, 1560 30th ST, 450 UCB, Boulder, CO 80309; email: alan.fried@colorado.edu; 303-492-7559
PLATFORM: NCAR C130 Aircraft
LOCATION: Latitude, longitude and elevation data are included in the data records.
ASSOCIATED_DATA: N/A
INSTRUMENT_INFO: CAMS
DATA_INFO: See Text
UNCERTAINTY: See Text
ULOD_FLAG: -77777777
ULOD_VALUE: N/A
LLOD_FLAG: -88888888
LLOD_VALUE: N/A
DM_CONTACT_INFO: N/A
PROJECT_INFO: FRAPPE
OTHER_COMMENTS: N/A
STIPULATIONS_ON_USE: USERS OF THIS DATA ARE STRONGLY ENCOURAGED TO CONTACT THE EXPERIMENTERS, AND ANY PRESENTATION OR PUBLICATION OF THE DATA CONTAINED IN THIS FILE SHOULD ACKNOWLEDGE THE "UNIVERSITY OF COLORADO - INSTAAR"
REVISION: R1
R0: time adjustment HAS NOT BEEN DONE, MeOH correction has been made
R1: Fit precisions inadvertantly left out, now included with no change to CH2O mixing ratio

CH2O_Start_SOD_UTC, CH2O_Stop_SOD_UTC, CH2O_Mid_SOD_UTC, CH2O_pptv, CH2O_sdev, CH2O_cnt, CH20_LOD_pptv, CH2O_SMU_pptv, CH2O_TMU_pptv
[from data line 798]
72683,72684,72683.50,1296,57,1,74,56,93
72684,72685,72684.50,1217,66,1,74,52,91
72685,72686,72685.50,1197,62,1,74,51,90
72686,72687,72686.50,1207,59,1,74,52,90
72687,72688,72687.50,1228,59,1,74,53,91
72688,72689,72688.50,1319,67,1,74,57,93
72689,72690,72689.50,1215,62,1,74,52,91
72690,72691,72690.50,1117,90,1,74,48,88
72691,72692,72691.50,1086,67,1,74,47,88
72692,72693,72692.50,1125,57,1,74,48,88
72693,72694,72693.50,1213,77,1,74,52,91
72694,72695,72694.50,1087,57,1,74,47,88
72695,72696,72695.50,1055,53,1,74,45,87
72696,72697,72696.50,1189,59,1,74,51,90
72697,72698,72697.50,1299,54,1,74,56,93
72698,72699,72698.50,971,77,1,74,42,85
72699,72700,72699.50,1088,54,1,74,47,88
72700,72701,72700.50,1026,58,1,74,44,86
72701,72702,72701.50,1155,51,1,74,50,89
72702,72703,72702.50,1161,57,1,74,50,89
72703,72704,72703.50,1152,58,1,74,50,89
72704,72705,72704.50,1159,96,1,74,50,89
72705,72706,72705.50,1012,82,1,74,44,86
72706,72707,72706.50,1085,47,1,74,47,87
72707,72708,72707.50,1114,80,1,74,48,88
72708,72709,72708.50,1023,76,1,74,44,86
72709,72710,72709.50,1099,66,1,74,47,88
72710,72711,72710.50,990,90,1,74,43,85
72711,72712,72711.50,1046,54,1,74,45,87
72712,72713,72712.50,995,76,1,74,43,85
72713,72714,72713.50,1208,57,1,74,52,90
72714,72715,72714.50,938,83,1,74,40,84
72715,72716,72715.50,957,50,1,74,41,85
72716,72717,72716.50,921,71,1,74,40,84
72717,72718,72717.50,888,65,1,74,38,83
72718,72719,72718.50,1041,58,1,74,45,86
72719,72720,72719.50,905,49,1,74,39,84
72720,72721,72720.50,745,83,1,74,32,81
72721,72722,72721.50,923,56,1,74,40,84
72722,72723,72722.50,1093,66,1,74,47,88
72723,72724,72723.50,1143,55,1,74,49,89
72724,72725,72724.50,1144,70,1,74,49,89
72725,72726,72725.50,1180,60,1,74,51,90
72726,72727,72726.50,1130,44,1,74,49,89
72727,72728,72727.50,1169,76,1,74,50,89
72728,72729,72728.50,1242,60,1,74,53,91
72729,72730,72729.50,1094,58,1,74,47,88
72730,72731,72730.50,1142,73,1,74,49,89
72731,72732,72731.50,1180,56,1,74,51,90
72732,72733,72732.50,1139,58,1,74,49,89
72733,72734,72733.50,1096,67,1,74,47,88
72734,72735,72734.50,1099,60,1,74,47,88
72735,72736,72735.50,1061,66,1,74,46,87
72736,72737,72736.50,993,59,1,74,43,85
72737,72738,72737.50,1177,49,1,74,51,90
72738,72739,72738.50,1149,66,1,74,49,89
72739,72740,72739.50,1111,54,1,74,48,88
72740,72741,72740.50,1190,68,1,74,51,90
72741,72742,72741.50,1112,60,1,74,48,88
72742,72743,72742.50,1105,55,1,74,48,88
72743,72744,72743.50,1126,71,1,74,48,88
72744,72745,72744.50,1213,48,1,74,52,91
72745,72746,72745.50,1253,55,1,74,54,92
72746,72747,72746.50,1166,49,1,74,50,89
72747,72748,72747.50,1258,74,1,74,54,92
72748,72749,72748.50,1113,60,1,74,48,88
72749,72750,72749.50,1195,77,1,74,51,90
72750,72751,72750.50,1278,62,1,74,55,92
72751,72752,72751.50,1198,69,1,74,52,90
72752,72753,72752.50,1109,69,1,74,48,88
72753,72754,72753.50,1365,56,1,74,59,94
72754,72755,72754.50,1380,55,1,74,59,95
72755,72756,72755.50,1514,61,1,74,65,99
72756,72757,72756.50,1343,54,1,74,58,94
72757,72758,72757.50,1298,69,1,74,56,93
72758,72759,72758.50,1231,76,1,74,53,91
72759,72760,72759.50,1315,76,1,74,57,93
72760,72761,72760.50,1271,55,1,74,55,92
72761,72762,72761.50,1267,64,1,74,54,92
72762,72763,72762.50,1293,72,1,74,56,93
72763,72764,72763.50,1280,67,1,74,55,92
72764,72765,72764.50,1241,52,1,74,53,91
72765,72766,72765.50,1123,51,1,74,48,88
72766,72767,72766.50,1279,61,1,74,55,92
72767,72768,72767.50,1170,66,1,74,50,89
72768,72769,72768.50,1239,69,1,74,53,91
72769,72770,72769.50,1162,61,1,74,50,89
72770,72771,72770.50,1333,61,1,74,57,94
72771,72772,72771.50,1265,59,1,74,54,92
72772,72773,72772.50,1093,47,1,74,47,88
72773,72774,72773.50,1096,82,1,74,47,88
72774,72775,72774.50,1243,65,1,74,53,91
72775,72776,72775.50,1229,47,1,74,53,91
72776,72777,72776.50,1167,55,1,74,50,89
72777,72778,72777.50,1266,58,1,74,54,92
72778,72779,72778.50,1294,63,1,74,56,93
72779,72780,72779.50,1322,45,1,74,57,93
72780,72781,72780.50,1257,43,1,74,54,92
72781,72782,72781.50,1187,57,1,74,51,90
72782,72783,72782.50,1178,52,1,74,51,90
72783,72784,72783.50,1330,67,1,74,57,94
72784,72785,72784.50,1347,59,1,74,58,94
72785,72786,72785.50,1274,61,1,74,55,92
72786,72787,72786.50,1287,59,1,74,55,92
72787,72788,72787.50,1292,53,1,74,56,93
72788,72789,72788.50,1172,51,1,74,50,90
72789,72790,72789.50,1231,44,1,74,53,91
72828,72829,72828.50,1772,93,1,74,76,106
72829,72830,72829.50,1794,86,1,74,77,107
72830,72831,72830.50,1852,96,1,74,80,109
72831,72832,72831.50,1657,78,1,74,71,103
72832,72833,72832.50,1687,71,1,74,73,104
72833,72834,72833.50,1772,71,1,74,76,106
72834,72835,72834.50,1743,81,1,74,75,105
72835,72836,72835.50,1712,79,1,74,74,104
72836,72837,72836.50,1590,81,1,74,68,101
72837,72838,72837.50,1727,91,1,74,74,105
72838,72839,72838.50,1730,66,1,74,74,105
72839,72840,72839.50,1756,73,1,74,76,106
72840,72841,72840.50,1575,75,1,74,68,100
72841,72842,72841.50,1824,86,1,74,78,108
72842,72843,72842.50,1789,81,1,74,77,107
72843,72844,72843.50,1926,89,1,74,83,111
72844,72845,72844.50,1766,73,1,74,76,106
72845,72846,72845.50,1853,78,1,74,80,109
72846,72847,72846.50,1813,71,1,74,78,107
72847,72848,72847.50,1832,83,1,74,79,108
72848,72849,72848.50,1818,89,1,74,78,108
72849,72850,72849.50,1702,82,1,74,73,104
72850,72851,72850.50,1697,83,1,74,73,104
72851,72852,72851.50,1674,69,1,74,72,103
72852,72853,72852.50,1745,81,1,74,75,105
72853,72854,72853.50,1665,71,1,74,72,103
72854,72855,72854.50,1706,64,1,74,73,104
72855,72856,72855.50,1786,88,1,74,77,107
72856,72857,72856.50,1838,79,1,74,79,108
72857,72858,72857.50,1797,72,1,74,77,107
72858,72859,72858.50,1854,97,1,74,80,109
72859,72860,72859.50,1871,65,1,74,80,109
72860,72861,72860.50,1920,74,1,74,83,111
72861,72862,72861.50,1918,72,1,74,82,111
72862,72863,72862.50,1826,76,1,74,79,108
72863,72864,72863.50,1839,79,1,74,79,108
72864,72865,72864.50,1890,59,1,74,81,110
72865,72866,72865.50,1577,83,1,74,68,100
72866,72867,72866.50,1618,99,1,74,70,102
72867,72868,72867.50,1657,62,1,74,71,103
72868,72869,72868.50,1715,86,1,74,74,104
72869,72870,72869.50,1692,71,1,74,73,104
72870,72871,72870.50,1638,75,1,74,70,102
72871,72872,72871.50,1749,73,1,74,75,106
72872,72873,72872.50,1629,61,1,74,70,102
72873,72874,72873.50,1655,84,1,74,71,103
72874,72875,72874.50,1593,76,1,74,68,101
72875,72876,72875.50,1543,78,1,74,66,99
72876,72877,72876.50,1614,77,1,74,69,101
72877,72878,72877.50,1517,67,1,74,65,99
72878,72879,72878.50,1570,84,1,74,68,100
72879,72880,72879.50,1626,81,1,74,70,102
72880,72881,72880.50,1728,76,1,74,74,105
72881,72882,72881.50,1800,74,1,74,77,107
72882,72883,72882.50,1776,82,1,74,76,106
72883,72884,72883.50,1691,100,1,74,73,104
72884,72885,72884.50,1716,65,1,74,74,105
72885,72886,72885.50,1678,105,1,74,72,103
72886,72887,72886.50,1636,81,1,74,70,102
72887,72888,72887.50,1722,76,1,74,74,105
72888,72889,72888.50,1597,80,1,74,69,101
72889,72890,72889.50,1654,73,1,74,71,103
72890,72891,72890.50,1568,91,1,74,67,100
72891,72892,72891.50,1571,84,1,74,68,100
72892,72893,72892.50,1666,106,1,74,72,103
72893,72894,72893.50,1689,85,1,74,73,104
72894,72895,72894.50,1779,98,1,74,76,106
72895,72896,72895.50,1680,93,1,74,72,103
72896,72897,72896.50,1715,75,1,74,74,104
72897,72898,72897.50,1582,87,1,74,68,101
72898,72899,72898.50,1708,94,1,74,73,104
72899,72900,72899.50,1736,84,1,74,75,105
72900,72901,72900.50,1860,78,1,74,80,109
72901,72902,72901.50,1804,93,1,74,78,107
72902,72903,72902.50,1692,91,1,74,73,104
72903,72904,72903.50,1673,91,1,74,72,103
72904,72905,72904.50,1760,79,1,74,76,106
72905,72906,72905.50,1725,92,1,74,74,105
72906,72907,72906.50,1637,85,1,74,70,102
72907,72908,72907.50,1682,86,1,74,72,103
72908,72909,72908.50,1702,76,1,74,73,104
72909,72910,72909.50,1689,90,1,74,73,104
72910,72911,72910.50,1624,90,1,74,70,102
72911,72912,72911.50,1737,101,1,74,75,105
72912,72913,72912.50,1657,79,1,74,71,103
72913,72914,72913.50,1633,96,1,74,70,102
72914,72915,72914.50,1568,89,1,74,67,100
72915,72916,72915.50,1806,100,1,74,78,107
72916,72917,72916.50,1699,82,1,74,73,104
72917,72918,72917.50,1602,73,1,74,69,101
72918,72919,72918.50,1750,76,1,74,75,106
72919,72920,72919.50,1536,64,1,74,66,99
72920,72921,72920.50,1468,96,1,74,63,97
72921,72922,72921.50,1537,96,1,74,66,99
72922,72923,72922.50,1480,63,1,74,64,98
72923,72924,72923.50,1594,95,1,74,69,101
72924,72925,72924.50,1460,86,1,74,63,97
72925,72926,72925.50,1525,100,1,74,66,99
72926,72927,72926.50,1388,82,1,74,60,95
72927,72928,72927.50,1575,79,1,74,68,100
72928,72929,72928.50,1475,79,1,74,63,97
72929,72930,72929.50,1472,76,1,74,63,97
72930,72931,72930.50,1519,90,1,74,65,99
72931,72932,72931.50,1647,79,1,74,71,102
72932,72933,72932.50,1510,73,1,74,65,98
72933,72934,72933.50,1576,78,1,74,68,100
72934,72935,72934.50,1578,84,1,74,68,100
72935,72936,72935.50,1587,77,1,74,68,101
72936,72937,72936.50,1635,81,1,74,70,102
72937,72938,72937.50,1635,67,1,74,70,102
72938,72939,72938.50,1607,71,1,74,69,101
72939,72940,72939.50,1487,66,1,74,64,98
72940,72941,72940.50,1429,76,1,74,61,96
72941,72942,72941.50,1646,72,1,74,71,102
72942,72943,72942.50,1528,89,1,74,66,99
72943,72944,72943.50,1465,77,1,74,63,97
72944,72945,72944.50,1602,72,1,74,69,101
72945,72946,72945.50,1583,84,1,74,68,101
72946,72947,72946.50,1695,93,1,74,73,104
72947,72948,72947.50,1452,75,1,74,62,97
72948,72949,72948.50,1580,78,1,74,68,100
72949,72950,72949.50,1559,75,1,74,67,100
72950,72951,72950.50,1396,74,1,74,60,95
72951,72952,72951.50,1492,83,1,74,64,98
72952,72953,72952.50,1493,81,1,74,64,98
72953,72954,72953.50,1530,87,1,74,66,99
72954,72955,72954.50,1520,64,1,74,65,99
72955,72956,72955.50,1602,79,1,74,69,101
72956,72957,72956.50,1747,73,1,74,75,105
72957,72958,72957.50,1763,92,1,74,76,106
72958,72959,72958.50,1874,87,1,74,81,109
72959,72960,72959.50,1811,89,1,74,78,107
72960,72961,72960.50,1781,82,1,74,77,106
72961,72962,72961.50,1681,74,1,74,72,103
72962,72963,72962.50,1583,117,1,74,68,101
72963,72964,72963.50,1562,81,1,74,67,100
72964,72965,72964.50,1645,100,1,74,71,102
72965,72966,72965.50,1679,102,1,74,72,103
72966,72967,72966.50,1684,110,1,74,72,104
72967,72968,72967.50,1562,94,1,74,67,100
72968,72969,72968.50,1451,102,1,74,62,97
72969,72970,72969.50,1568,91,1,74,67,100
72970,72971,72970.50,1557,65,1,74,67,100
72971,72972,72971.50,1610,80,1,74,69,101
72972,72973,72972.50,1506,91,1,74,65,98
72973,72974,72973.50,1652,91,1,74,71,103
72974,72975,72974.50,1616,80,1,74,69,102
72975,72976,72975.50,1519,65,1,74,65,99
72976,72977,72976.50,1489,75,1,74,64,98
72977,72978,72977.50,1550,75,1,74,67,100
72978,72979,72978.50,1676,63,1,74,72,103
72979,72980,72979.50,1561,69,1,74,67,100
72980,72981,72980.50,1705,69,1,74,73,104
72981,72982,72981.50,1712,85,1,74,74,104
72982,72983,72982.50,1618,84,1,74,70,102
72983,72984,72983.50,1578,66,1,74,68,100
72984,72985,72984.50,1481,79,1,74,64,98
72985,72986,72985.50,1616,77,1,74,69,102
72986,72987,72986.50,1597,62,1,74,69,101
72987,72988,72987.50,1614,60,1,74,69,101
72988,72989,72988.50,1453,102,1,74,62,97
72989,72990,72989.50,1768,78,1,74,76,106
72990,72991,72990.50,1615,84,1,74,69,101
72991,72992,72991.50,1799,69,1,74,77,107
72992,72993,72992.50,1653,69,1,74,71,103
72993,72994,72993.50,1572,79,1,74,68,100
72994,72995,72994.50,1721,91,1,74,74,105
72995,72996,72995.50,1533,96,1,74,66,99
72996,72997,72996.50,1581,83,1,74,68,100
72997,72998,72997.50,1477,69,1,74,64,98
72998,72999,72998.50,1681,75,1,74,72,103
72999,73000,72999.50,1619,87,1,74,70,102
73000,73001,73000.50,1478,71,1,74,64,98
73001,73002,73001.50,1636,85,1,74,70,102
73002,73003,73002.50,1422,66,1,74,61,96
73003,73004,73003.50,1444,62,1,74,62,97
73004,73005,73004.50,1574,65,1,74,68,100
73005,73006,73005.50,1437,61,1,74,62,96
73006,73007,73006.50,1584,79,1,74,68,101
73007,73008,73007.50,1708,74,1,74,73,104
73008,73009,73008.50,1679,83,1,74,72,103
73009,73010,73009.50,1697,72,1,74,73,104
73010,73011,73010.50,1627,85,1,74,70,102
73011,73012,73011.50,1607,70,1,74,69,101
73012,73013,73012.50,1443,71,1,74,62,97
73013,73014,73013.50,1511,78,1,74,65,98
73014,73015,73014.50,1470,67,1,74,63,97
73015,73016,73015.50,1463,68,1,74,63,97
73016,73017,73016.50,1432,62,1,74,62,96
73017,73018,73017.50,1362,68,1,74,59,94
73018,73019,73018.50,1453,72,1,74,62,97
73019,73020,73019.50,1274,70,1,74,55,92
73020,73021,73020.50,1354,61,1,74,58,94
73021,73022,73021.50,1206,94,1,74,52,90
73022,73023,73022.50,1437,65,1,74,62,96
73023,73024,73023.50,1368,61,1,74,59,95
73024,73025,73024.50,1413,69,1,74,61,96
73025,73026,73025.50,1271,64,1,74,55,92
73026,73027,73026.50,1365,57,1,74,59,94
73027,73028,73027.50,1281,71,1,74,55,92
73028,73029,73028.50,1324,86,1,74,57,93
73029,73030,73029.50,1372,81,1,74,59,95
73030,73031,73030.50,1375,69,1,74,59,95
73031,73032,73031.50,1331,74,1,74,57,94
73032,73033,73032.50,1500,73,1,74,64,98
73033,73034,73033.50,1338,78,1,74,58,94
73034,73035,73034.50,1334,71,1,74,57,94
73035,73036,73035.50,1474,75,1,74,63,97
73036,73037,73036.50,1340,79,1,74,58,94
73037,73038,73037.50,1317,69,1,74,57,93
73038,73039,73038.50,1408,64,1,74,61,96
73039,73040,73039.50,1348,74,1,74,58,94
73040,73041,73040.50,1447,72,1,74,62,97
73041,73042,73041.50,1303,70,1,74,56,93
73042,73043,73042.50,1326,67,1,74,57,93
73043,73044,73043.50,1393,85,1,74,60,95
73044,73045,73044.50,1359,74,1,74,58,94
73045,73046,73045.50,1405,72,1,74,60,96
73046,73047,73046.50,1280,67,1,74,55,92
73047,73048,73047.50,1442,78,1,74,62,97
73048,73049,73048.50,1179,66,1,74,51,90
73049,73050,73049.50,1205,78,1,74,52,90
73050,73051,73050.50,1219,62,1,74,52,91
73051,73052,73051.50,1146,74,1,74,49,89
73052,73053,73052.50,1105,68,1,74,48,88
73053,73054,73053.50,1197,92,1,74,51,90
73054,73055,73054.50,1221,71,1,74,53,91
73055,73056,73055.50,1193,81,1,74,51,90
73056,73057,73056.50,1223,67,1,74,53,91
73057,73058,73057.50,1171,77,1,74,50,90
73058,73059,73058.50,1126,83,1,74,48,88
73059,73060,73059.50,1088,71,1,74,47,88
73060,73061,73060.50,1339,81,1,74,58,94
73061,73062,73061.50,1363,74,1,74,59,94
73062,73063,73062.50,1433,75,1,74,62,96
73063,73064,73063.50,1465,74,1,74,63,97
73064,73065,73064.50,1476,76,1,74,63,97
73065,73066,73065.50,1366,92,1,74,59,94
73066,73067,73066.50,1481,77,1,74,64,98
73067,73068,73067.50,1578,95,1,74,68,100
73068,73069,73068.50,1477,87,1,74,64,98
73069,73070,73069.50,1485,83,1,74,64,98
73070,73071,73070.50,1434,82,1,74,62,96
73071,73072,73071.50,1512,64,1,74,65,99
73072,73073,73072.50,1473,80,1,74,63,97
73073,73074,73073.50,1441,67,1,74,62,97
73074,73075,73074.50,1469,79,1,74,63,97
73075,73076,73075.50,1469,76,1,74,63,97
73076,73077,73076.50,1351,70,1,74,58,94
73077,73078,73077.50,1400,62,1,74,60,95
73078,73079,73078.50,1411,68,1,74,61,96
73079,73080,73079.50,1397,67,1,74,60,95
73080,73081,73080.50,1361,84,1,74,59,94
73081,73082,73081.50,1355,74,1,74,58,94
73082,73083,73082.50,1489,80,1,74,64,98
73083,73084,73083.50,1547,76,1,74,67,100
73084,73085,73084.50,1599,95,1,74,69,101
73085,73086,73085.50,1574,80,1,74,68,100
73086,73087,73086.50,1452,67,1,74,62,97
73087,73088,73087.50,1354,68,1,74,58,94
73088,73089,73088.50,1382,72,1,74,59,95
73089,73090,73089.50,1399,65,1,74,60,95
73090,73091,73090.50,1201,63,1,74,52,90
73091,73092,73091.50,1303,54,1,74,56,93
73092,73093,73092.50,1140,65,1,74,49,89
73093,73094,73093.50,1162,56,1,74,50,89
73094,73095,73094.50,1228,54,1,74,53,91
73095,73096,73095.50,1212,46,1,74,52,91
73096,73097,73096.50,1236,74,1,74,53,91
73097,73098,73097.50,1245,69,1,74,54,91
73098,73099,73098.50,1492,55,1,74,64,98
73099,73100,73099.50,1547,68,1,74,67,100
73100,73101,73100.50,1683,76,1,74,72,104
73101,73102,73101.50,1449,65,1,74,62,97
73102,73103,73102.50,1527,59,1,74,66,99
73103,73104,73103.50,1629,65,1,74,70,102
73104,73105,73104.50,1562,61,1,74,67,100
73105,73106,73105.50,1495,64,1,74,64,98
73106,73107,73106.50,1374,47,1,74,59,95
73107,73108,73107.50,1164,49,1,74,50,89
73108,73109,73108.50,1194,48,1,74,51,90
73109,73110,73109.50,1085,61,1,74,47,87
73110,73111,73110.50,1226,58,1,74,53,91
73111,73112,73111.50,1286,52,1,74,55,92
73112,73113,73112.50,1338,76,1,74,58,94
73113,73114,73113.50,1343,51,1,74,58,94
73114,73115,73114.50,1350,55,1,74,58,94
73115,73116,73115.50,1414,59,1,74,61,96
