FRAPPE-NONO2O3_C130_20140731_R0.ict
38, 1001
Weinheimer, A.J.; Montzka, D.D.
National Center for Atmospheric Research
C130 in situ NO, NO2, O3
FRAPPE
 1, 1
2014, 07, 31,  2015, 04, 11
0.0
StartTime_UTsec, seconds, Start Time in UT seconds
5
1.0, 1.0, 1.0, 1.0, 1.0
-999999.9, -999999.9, -999999.9, -999999.9, -999999.9
StopTime_UTsec, seconds, Stop Time in UT seconds
MidTime_UTsec, seconds, Midpoint Time in UT seconds
NO_pptv, pptv, Nitric Oxide Mixing Ratio
NO2_pptv, pptv, Nitrogen Dioxide Mixing Ratio
O3_ppbv, ppbv, Ozone Mixing Ratio
0
19
PI_CONTACT_INFO:  wein@ucar.edu, 303-497-1444, NCAR, 1850 Table Mesa Dr., Boulder, CO   80305
PLATFORM:  NSF/NCAR C130 Aircraft
LOCATION:  Latitude, Longitude, and Altitude of the C130 can be obtained from other files
ASSOCIATED_DATA: N/A
INSTRUMENT_INFO: 2-channel chemiluminescence instrument for NO-NO2 & 1-channel instrument for O3, integrated
DATA_INFO:  N/A
UNCERTAINTY:  (20 pptv + 10%) for NO, (40 pptv + 15%) for NO2, (3 ppbv + 5%) for O3
ULOD_FLAG: -7777
ULOD_VALUE: N/A
LLOD_FLAG: -8888
LLOD_VALUE: N/A;
DM_CONTACT_INFO:  N/A
PROJECT_INFO: N/A
STIPULATIONS_ON_USE:  Users are encouraged to contact PI.
OTHER_COMMENTS: N/A
REVISION: R0
R0:  Final data.
RA:  Initial archival, quick-look.  Approximate calibration factors (zeroes, sensitivities, artifact); some hardwired to constants.
StartTime_UTsec, StopTime_UTsec, MidTime_UTsec, NO_pptv, NO2_pptv, O3_ppbv
[from data line 7026]
78725.5, 78726.5, 78726.0, 1.9820e+01, 1.0573e+01, 6.6691e+01
78726.5, 78727.5, 78727.0, 2.7911e+01, 1.4513e+01, 6.6118e+01
78727.5, 78728.5, 78728.0, 2.0673e+01, 3.2904e+01, 6.5608e+01
78728.5, 78729.5, 78729.0, 1.9030e+01, 3.4835e+01, 6.5377e+01
78729.5, 78730.5, 78730.0, 1.8805e+01, 3.1172e+01, 6.5115e+01
78730.5, 78731.5, 78731.0, 2.1680e+01, 2.4418e+01, 6.5423e+01
78731.5, 78732.5, 78732.0, 2.1734e+01, 2.4548e+01, 6.5737e+01
78732.5, 78733.5, 78733.0, 2.3159e+01, 4.1543e+01, 6.6558e+01
78733.5, 78734.5, 78734.0, 1.8516e+01, 2.0743e+01, 6.6326e+01
78734.5, 78735.5, 78735.0, 2.3302e+01, 2.3533e+01, 6.5453e+01
78735.5, 78736.5, 78736.0, 1.6777e+01, 4.1279e+01, 6.5782e+01
78736.5, 78737.5, 78737.0, 2.5297e+01, 2.2039e+01, 6.5806e+01
78737.5, 78738.5, 78738.0, 2.4717e+01, 1.9687e+01, 6.5456e+01
78738.5, 78739.5, 78739.0, 1.9774e+01, 1.3601e+01, 6.5643e+01
78739.5, 78740.5, 78740.0, 2.5287e+01, 2.9140e+01, 6.7129e+01
78740.5, 78741.5, 78741.0, 1.9839e+01, 3.2478e+01, 6.5757e+01
78741.5, 78742.5, 78742.0, 1.8042e+01, 3.9611e+01, 6.5399e+01
78742.5, 78743.5, 78743.0, 2.1705e+01, 1.7565e+01, 6.5063e+01
78743.5, 78744.5, 78744.0, 2.3913e+01, 1.5889e+01, 6.6030e+01
78744.5, 78745.5, 78745.0, 2.0617e+01, 3.4299e+01, 6.6757e+01
78745.5, 78746.5, 78746.0, 2.5485e+01, 1.2779e+01, 6.6615e+01
78746.5, 78747.5, 78747.0, 1.8119e+01, 3.4394e+01, 6.6196e+01
78747.5, 78748.5, 78748.0, 2.7193e+01, 2.8328e+01, 6.6397e+01
78748.5, 78749.5, 78749.0, 2.2326e+01, 2.7848e+01, 6.5452e+01
78749.5, 78750.5, 78750.0, 2.8056e+01, 7.3525e+00, 6.5730e+01
78750.5, 78751.5, 78751.0, 2.7684e+01, 1.0057e+01, 6.6109e+01
78751.5, 78752.5, 78752.0, 2.2813e+01, 1.4349e+01, 6.5784e+01
78752.5, 78753.5, 78753.0, 1.8078e+01, 2.5192e+01, 6.6168e+01
78753.5, 78754.5, 78754.0, 2.1221e+01, 2.2462e+01, 6.6501e+01
78754.5, 78755.5, 78755.0, 1.9281e+01, 3.1887e+01, 6.6958e+01
78755.5, 78756.5, 78756.0, 2.4228e+01, 2.1214e+01, 6.6361e+01
78756.5, 78757.5, 78757.0, 1.7926e+01, 2.5624e+01, 6.6338e+01
78757.5, 78758.5, 78758.0, 2.1219e+01, 3.0147e+01, 6.6212e+01
78758.5, 78759.5, 78759.0, 2.1351e+01, 2.8900e+01, 6.6017e+01
78759.5, 78760.5, 78760.0, 2.1574e+01, 1.6966e+01, 6.6089e+01
78760.5, 78761.5, 78761.0, 2.5353e+01, 8.5709e+00, 6.5978e+01
78761.5, 78762.5, 78762.0, 2.3206e+01, 2.3066e+01, 6.5637e+01
78762.5, 78763.5, 78763.0, 2.7129e+01, 2.3086e+01, 6.6477e+01
78763.5, 78764.5, 78764.0, 2.6854e+01, 1.1614e+01, 6.6393e+01
78764.5, 78765.5, 78765.0, 2.3493e+01, 9.9864e+00, 6.6577e+01
78765.5, 78766.5, 78766.0, 2.1049e+01, 2.6039e+01, 6.6535e+01
78766.5, 78767.5, 78767.0, 1.9042e+01, 3.6493e+01, 6.6684e+01
78767.5, 78768.5, 78768.0, 1.9325e+01, 1.3286e+01, 6.6843e+01
78768.5, 78769.5, 78769.0, 2.2754e+01, 2.5174e+01, 6.6339e+01
78769.5, 78770.5, 78770.0, 2.4754e+01, 2.2400e+01, 6.6631e+01
78770.5, 78771.5, 78771.0, 2.1677e+01, 2.7824e+01, 6.6306e+01
78771.5, 78772.5, 78772.0, 1.8027e+01, 1.6466e+01, 6.6752e+01
78772.5, 78773.5, 78773.0, 1.5594e+01, 3.5895e+01, 6.6352e+01
78773.5, 78774.5, 78774.0, 1.9159e+01, 3.1755e+01, 6.6285e+01
78774.5, 78775.5, 78775.0, 1.7939e+01, 2.2150e+01, 6.6439e+01
78775.5, 78776.5, 78776.0, 2.2298e+01, 2.2159e+01, 6.6573e+01
78776.5, 78777.5, 78777.0, 2.1589e+01, 2.1988e+01, 6.6759e+01
78777.5, 78778.5, 78778.0, 2.1074e+01, 3.0941e+01, 6.6888e+01
78778.5, 78779.5, 78779.0, 2.4438e+01, 1.2672e+01, 6.7016e+01
78779.5, 78780.5, 78780.0, 2.3787e+01, 2.7876e+01, 6.6844e+01
78780.5, 78781.5, 78781.0, 2.3362e+01, 4.7906e+01, 6.7042e+01
78781.5, 78782.5, 78782.0, 2.0492e+01, 2.5334e+01, 6.6555e+01
78782.5, 78783.5, 78783.0, 1.7072e+01, 3.4630e+01, 6.6975e+01
78783.5, 78784.5, 78784.0, 2.3856e+01, 2.2543e+01, 6.7147e+01
78784.5, 78785.5, 78785.0, 1.7967e+01, 3.6128e+01, 6.7127e+01
78785.5, 78786.5, 78786.0, 2.4050e+01, 1.8519e+01, 6.6754e+01
78786.5, 78787.5, 78787.0, 2.1324e+01, 2.7401e+01, 6.7141e+01
78787.5, 78788.5, 78788.0, 1.9900e+01, 2.4497e+01, 6.7331e+01
78788.5, 78789.5, 78789.0, 2.3607e+01, 3.4472e+01, 6.7230e+01
78789.5, 78790.5, 78790.0, 2.2613e+01, 2.6087e+01, 6.7096e+01
78790.5, 78791.5, 78791.0, 2.4474e+01, 2.3862e+01, 6.7232e+01
78791.5, 78792.5, 78792.0, 1.9544e+01, 2.2901e+01, 6.6771e+01
78792.5, 78793.5, 78793.0, 2.1247e+01, 2.1570e+01, 6.6960e+01
78793.5, 78794.5, 78794.0, 2.2603e+01, 2.1085e+01, 6.7110e+01
78794.5, 78795.5, 78795.0, 2.0521e+01, 2.5002e+01, 6.6898e+01
78795.5, 78796.5, 78796.0, 2.4887e+01, 3.1413e+01, 6.7479e+01
78796.5, 78797.5, 78797.0, 5.5081e+01, -1.4444e+01, 6.7283e+01
78797.5, 78798.5, 78798.0, 2.1596e+01, 2.5963e+01, 6.7275e+01
78798.5, 78799.5, 78799.0, 2.5735e+01, 2.6152e+01, 6.7248e+01
78799.5, 78800.5, 78800.0, 2.4587e+01, 1.1913e+01, 6.7220e+01
78800.5, 78801.5, 78801.0, 2.4008e+01, 2.2012e+01, 6.6997e+01
78801.5, 78802.5, 78802.0, 2.9518e+01, 1.2761e+01, 6.7545e+01
78802.5, 78803.5, 78803.0, 1.8202e+01, 2.4563e+01, 6.7266e+01
78803.5, 78804.5, 78804.0, 1.6921e+01, 3.3212e+01, 6.6751e+01
78804.5, 78805.5, 78805.0, 1.9923e+01, 2.6494e+01, 6.7035e+01
78805.5, 78806.5, 78806.0, 1.9988e+01, 2.8372e+01, 6.7210e+01
78806.5, 78807.5, 78807.0, 1.9620e+01, 1.6301e+01, 6.6860e+01
78807.5, 78808.5, 78808.0, 2.5770e+01, 1.5581e+01, 6.6569e+01
78808.5, 78809.5, 78809.0, 2.2193e+01, 3.0886e+01, 6.6716e+01
78809.5, 78810.5, 78810.0, 1.9249e+01, 2.3426e+01, 6.6971e+01
78810.5, 78811.5, 78811.0, 2.2047e+01, 2.5501e+01, 6.7046e+01
78811.5, 78812.5, 78812.0, 2.3832e+01, 1.8489e+01, 6.7858e+01
78812.5, 78813.5, 78813.0, 2.1829e+01, 2.8707e+01, 6.7236e+01
78813.5, 78814.5, 78814.0, 2.3110e+01, 2.1107e+01, 6.7207e+01
78814.5, 78815.5, 78815.0, 2.3468e+01, 1.5262e+01, 6.6981e+01
78815.5, 78816.5, 78816.0, 1.9526e+01, 3.3386e+01, 6.6891e+01
78816.5, 78817.5, 78817.0, 2.5676e+01, 2.7780e+01, 6.7273e+01
78817.5, 78818.5, 78818.0, 2.2868e+01, 3.2452e+01, 6.6874e+01
78818.5, 78819.5, 78819.0, 2.1376e+01, 2.2902e+01, 6.7065e+01
78819.5, 78820.5, 78820.0, 1.9295e+01, 3.7171e+01, 6.7854e+01
78820.5, 78821.5, 78821.0, 2.6235e+01, 2.1754e+01, 6.6843e+01
78821.5, 78822.5, 78822.0, 1.9435e+01, 1.6967e+01, 6.7023e+01
78822.5, 78823.5, 78823.0, 2.1363e+01, 2.1041e+01, 6.6936e+01
78823.5, 78824.5, 78824.0, 2.0577e+01, 2.0619e+01, 6.6548e+01
78824.5, 78825.5, 78825.0, 1.7214e+01, 2.9226e+01, 6.6740e+01
78825.5, 78826.5, 78826.0, 2.2076e+01, 3.4127e+01, 6.6608e+01
78826.5, 78827.5, 78827.0, 2.1418e+01, 3.2223e+01, 6.6524e+01
78827.5, 78828.5, 78828.0, 2.1350e+01, 2.2554e+01, 6.6888e+01
78828.5, 78829.5, 78829.0, 2.1215e+01, 1.7172e+01, 6.7200e+01
78829.5, 78830.5, 78830.0, 1.6265e+01, 2.7721e+01, 6.7445e+01
78830.5, 78831.5, 78831.0, 1.8193e+01, 1.8186e+01, 6.7358e+01
78831.5, 78832.5, 78832.0, 1.8762e+01, 2.6466e+01, 6.6967e+01
78832.5, 78833.5, 78833.0, 2.6553e+01, 1.6840e+01, 6.6861e+01
78833.5, 78834.5, 78834.0, 2.1685e+01, 1.7871e+01, 6.7183e+01
78834.5, 78835.5, 78835.0, 1.9185e+01, 2.4943e+01, 6.7340e+01
78835.5, 78836.5, 78836.0, 1.5748e+01, 2.9693e+01, 6.6990e+01
78836.5, 78837.5, 78837.0, 1.9747e+01, 3.2756e+01, 6.7235e+01
78837.5, 78838.5, 78838.0, 1.8102e+01, 3.7941e+01, 6.7188e+01
78838.5, 78839.5, 78839.0, 2.3532e+01, 2.0300e+01, 6.7116e+01
78839.5, 78840.5, 78840.0, 2.3883e+01, 1.9572e+01, 6.7195e+01
78840.5, 78841.5, 78841.0, 1.6812e+01, 4.4375e+01, 6.6950e+01
78841.5, 78842.5, 78842.0, 2.4305e+01, 2.4328e+01, 6.6829e+01
78842.5, 78843.5, 78843.0, 1.6430e+01, 2.6607e+01, 6.6851e+01
78843.5, 78844.5, 78844.0, 2.0940e+01, 2.6305e+01, 6.7166e+01
78844.5, 78845.5, 78845.0, 2.6159e+01, 1.4197e+01, 6.7144e+01
78845.5, 78846.5, 78846.0, 1.8713e+01, 2.1581e+01, 6.7318e+01
78846.5, 78847.5, 78847.0, 3.0011e+01, 9.0847e+00, 6.7679e+01
78847.5, 78848.5, 78848.0, 2.6431e+01, 1.9033e+01, 6.7268e+01
78848.5, 78849.5, 78849.0, 2.1206e+01, 2.7187e+01, 6.7486e+01
78849.5, 78850.5, 78850.0, 2.1918e+01, 2.0151e+01, 6.7666e+01
78850.5, 78851.5, 78851.0, 2.2924e+01, 2.8070e+01, 6.8051e+01
78851.5, 78852.5, 78852.0, 1.8486e+01, 1.9670e+01, 6.7403e+01
78852.5, 78853.5, 78853.0, 1.9841e+01, 1.8023e+01, 6.8369e+01
78853.5, 78854.5, 78854.0, 1.8901e+01, 1.8145e+01, 6.8963e+01
78854.5, 78855.5, 78855.0, 2.7559e+01, 1.0010e+01, 6.8618e+01
78855.5, 78856.5, 78856.0, 1.7965e+01, 2.3733e+01, 6.8794e+01
78856.5, 78857.5, 78857.0, 2.3894e+01, 2.6449e+01, 7.0137e+01
78857.5, 78858.5, 78858.0, 1.2945e+01, 3.4030e+01, 7.0359e+01
78858.5, 78859.5, 78859.0, 2.2894e+01, 2.1209e+01, 6.9487e+01
78859.5, 78860.5, 78860.0, 2.1671e+01, 2.4518e+01, 6.9299e+01
78860.5, 78861.5, 78861.0, 2.5737e+01, 7.8307e+00, 6.8609e+01
78861.5, 78862.5, 78862.0, 1.2442e+01, 3.5422e+01, 6.8339e+01
78862.5, 78863.5, 78863.0, 1.8661e+01, 2.0419e+01, 7.0360e+01
78863.5, 78864.5, 78864.0, 1.8933e+01, 2.0719e+01, 7.0218e+01
78864.5, 78865.5, 78865.0, 1.7149e+01, 3.9820e+01, 7.0858e+01
78865.5, 78866.5, 78866.0, 1.5719e+01, 2.7615e+01, 6.9611e+01
78866.5, 78867.5, 78867.0, 1.5930e+01, 2.7435e+01, 6.6595e+01
78867.5, 78868.5, 78868.0, 2.1287e+01, 2.0130e+01, 6.5135e+01
78868.5, 78869.5, 78869.0, 1.8706e+01, 3.1015e+01, 6.7098e+01
78869.5, 78870.5, 78870.0, 1.8066e+01, 1.5515e+01, 6.8124e+01
78870.5, 78871.5, 78871.0, 1.7627e+01, 2.6802e+01, 6.7945e+01
78871.5, 78872.5, 78872.0, 2.3641e+01, 1.3495e+01, 6.7257e+01
78872.5, 78873.5, 78873.0, 2.7210e+01, 2.0406e+01, 6.7379e+01
78873.5, 78874.5, 78874.0, 2.0277e+01, 1.7681e+01, 6.7277e+01
78874.5, 78875.5, 78875.0, 1.8693e+01, 2.1135e+01, 6.7173e+01
78875.5, 78876.5, 78876.0, 2.1826e+01, 3.3636e+01, 6.6650e+01
78876.5, 78877.5, 78877.0, 2.2402e+01, 2.7266e+01, 6.6168e+01
78877.5, 78878.5, 78878.0, 2.5320e+01, 3.3321e+01, 6.6295e+01
78878.5, 78879.5, 78879.0, 2.3246e+01, 2.3287e+01, 6.5451e+01
78879.5, 78880.5, 78880.0, 2.2167e+01, 1.3843e+01, 6.4729e+01
78880.5, 78881.5, 78881.0, 2.2371e+01, 3.2260e+01, 6.4764e+01
78881.5, 78882.5, 78882.0, 2.2024e+01, 2.2877e+01, 6.5652e+01
78882.5, 78883.5, 78883.0, 1.8592e+01, 3.1346e+01, 6.5419e+01
78883.5, 78884.5, 78884.0, 1.9729e+01, 1.8603e+01, 6.7892e+01
78884.5, 78885.5, 78885.0, 2.1235e+01, 2.5943e+01, 6.8380e+01
78885.5, 78886.5, 78886.0, 1.7578e+01, 3.0638e+01, 6.9094e+01
78886.5, 78887.5, 78887.0, 2.5093e+01, 2.4671e+01, 6.9274e+01
78887.5, 78888.5, 78888.0, 2.0428e+01, 2.8772e+01, 6.8899e+01
78888.5, 78889.5, 78889.0, 2.0367e+01, 2.0971e+01, 6.8427e+01
78889.5, 78890.5, 78890.0, 1.8423e+01, 3.4565e+01, 6.8533e+01
78890.5, 78891.5, 78891.0, 1.7630e+01, 2.3331e+01, 6.7817e+01
78891.5, 78892.5, 78892.0, 1.4559e+01, 3.5490e+01, 6.5785e+01
78892.5, 78893.5, 78893.0, 2.0773e+01, 1.3866e+01, 6.6613e+01
78893.5, 78894.5, 78894.0, 2.1052e+01, 1.7072e+01, 6.5479e+01
78894.5, 78895.5, 78895.0, 2.0201e+01, 2.0935e+01, 6.8050e+01
78895.5, 78896.5, 78896.0, 1.6691e+01, 2.6246e+01, 6.4934e+01
78896.5, 78897.5, 78897.0, 1.8990e+01, 3.0871e+01, 6.4455e+01
78897.5, 78898.5, 78898.0, 2.1771e+01, 2.4689e+01, 6.6568e+01
78898.5, 78899.5, 78899.0, 1.4318e+01, 3.3577e+01, 6.7208e+01
78899.5, 78900.5, 78900.0, 1.3454e+01, 3.4995e+01, 6.6591e+01
78900.5, 78901.5, 78901.0, 1.8387e+01, 2.1198e+01, 6.6151e+01
78901.5, 78902.5, 78902.0, 2.2745e+01, 2.9111e+01, 6.4182e+01
78902.5, 78903.5, 78903.0, 2.0722e+01, 2.1533e+01, 6.1715e+01
78903.5, 78904.5, 78904.0, 2.0586e+01, 8.2523e+00, 6.2158e+01
78904.5, 78905.5, 78905.0, 1.7148e+01, 3.1593e+01, 6.1473e+01
78905.5, 78906.5, 78906.0, 1.7584e+01, 1.7638e+01, 6.1433e+01
78906.5, 78907.5, 78907.0, 1.5797e+01, 3.0686e+01, 6.0624e+01
78907.5, 78908.5, 78908.0, 1.4500e+01, 2.1889e+01, 5.9662e+01
78908.5, 78909.5, 78909.0, 2.0295e+01, 1.8994e+01, 5.7516e+01
78909.5, 78910.5, 78910.0, 2.2858e+01, 4.1599e+00, 5.7316e+01
78910.5, 78911.5, 78911.0, 2.1075e+01, 2.1392e+01, 5.8049e+01
78911.5, 78912.5, 78912.0, 1.7490e+01, 2.8659e+01, 5.7925e+01
78912.5, 78913.5, 78913.0, 2.2637e+01, 7.7118e+00, 5.7121e+01
78913.5, 78914.5, 78914.0, 2.4997e+01, 1.6999e+01, 6.2853e+01
78914.5, 78915.5, 78915.0, 2.5654e+01, 1.3674e+01, 6.4105e+01
78915.5, 78916.5, 78916.0, 1.4700e+01, 2.7289e+01, 5.7812e+01
78916.5, 78917.5, 78917.0, 2.0412e+01, 2.4955e+01, 5.7558e+01
78917.5, 78918.5, 78918.0, 1.9701e+01, 2.0136e+01, 5.7037e+01
78918.5, 78919.5, 78919.0, 2.5555e+01, -2.9044e-01, 5.6926e+01
78919.5, 78920.5, 78920.0, 1.9262e+01, 1.9915e+01, 5.6280e+01
78920.5, 78921.5, 78921.0, 1.7393e+01, 2.7829e+01, 5.7067e+01
78921.5, 78922.5, 78922.0, 2.0474e+01, 2.7995e+01, 5.8296e+01
78922.5, 78923.5, 78923.0, 2.1736e+01, 2.3770e+01, 5.8238e+01
78923.5, 78924.5, 78924.0, 2.2462e+01, 2.7084e+01, 5.7154e+01
78924.5, 78925.5, 78925.0, 2.4528e+01, 1.6082e+01, 5.6796e+01
78925.5, 78926.5, 78926.0, 2.0525e+01, 8.6071e+00, 5.6442e+01
78926.5, 78927.5, 78927.0, 1.7952e+01, 2.6575e+01, 5.5307e+01
78927.5, 78928.5, 78928.0, 2.3442e+01, 1.6868e+01, 5.2518e+01
78928.5, 78929.5, 78929.0, 1.4861e+01, 3.9073e+01, 5.1396e+01
78929.5, 78930.5, 78930.0, 1.4290e+01, 1.5931e+01, 5.2429e+01
78930.5, 78931.5, 78931.0, 1.9144e+01, 2.7447e+01, 5.3420e+01
78931.5, 78932.5, 78932.0, 2.1921e+01, 3.5440e+01, 5.0144e+01
78932.5, 78933.5, 78933.0, 2.2936e+01, 2.5754e+00, 5.0714e+01
78933.5, 78934.5, 78934.0, 1.9920e+01, 1.7763e+01, 4.9644e+01
78934.5, 78935.5, 78935.0, 2.2847e+01, 1.7543e+01, 4.7200e+01
78935.5, 78936.5, 78936.0, 2.0128e+01, 9.3337e+00, 5.3476e+01
78936.5, 78937.5, 78937.0, 2.0482e+01, 2.4988e+01, 5.3954e+01
78937.5, 78938.5, 78938.0, 2.1276e+01, 8.3357e+00, 5.6711e+01
78938.5, 78939.5, 78939.0, 1.6698e+01, 2.6861e+01, 5.7494e+01
78939.5, 78940.5, 78940.0, 1.6759e+01, 1.9209e+01, 5.3030e+01
78940.5, 78941.5, 78941.0, 1.9765e+01, 1.9125e+01, 4.8370e+01
78941.5, 78942.5, 78942.0, 2.0269e+01, 1.9248e+01, 4.9112e+01
78942.5, 78943.5, 78943.0, 2.1048e+01, 1.1190e+01, 4.4098e+01
78943.5, 78944.5, 78944.0, 1.6893e+01, 1.2391e+01, 3.7555e+01
78944.5, 78945.5, 78945.0, 1.5392e+01, 1.9115e+01, 4.0850e+01
78945.5, 78946.5, 78946.0, 2.0038e+01, 1.0832e+01, 4.9593e+01
78946.5, 78947.5, 78947.0, 2.6606e+01, 2.3343e+01, 4.9850e+01
78947.5, 78948.5, 78948.0, 2.1100e+01, 2.1545e+01, 4.9187e+01
78948.5, 78949.5, 78949.0, 1.5301e+01, 2.8389e+01, 4.7018e+01
78949.5, 78950.5, 78950.0, 2.0808e+01, 3.1228e+00, 4.4203e+01
78950.5, 78951.5, 78951.0, 1.7663e+01, 7.4734e+00, 3.7524e+01
78951.5, 78952.5, 78952.0, 1.7735e+01, -2.7301e+00, 3.5906e+01
78952.5, 78953.5, 78953.0, 1.9158e+01, 8.8826e+00, 3.8448e+01
78953.5, 78954.5, 78954.0, 2.0005e+01, -2.4106e+00, 3.5847e+01
78954.5, 78955.5, 78955.0, 1.6782e+01, 1.0400e+01, 4.0460e+01
78955.5, 78956.5, 78956.0, 2.6719e+01, 3.7916e-01, 4.5241e+01
78956.5, 78957.5, 78957.0, 1.7998e+01, 2.7654e+01, 4.6423e+01
78957.5, 78958.5, 78958.0, 2.2571e+01, 1.0029e+00, 4.6687e+01
78958.5, 78959.5, 78959.0, 3.0421e+01, 1.0106e+01, 4.4567e+01
78959.5, 78960.5, 78960.0, 1.7566e+01, 1.9189e+01, 4.3128e+01
78960.5, 78961.5, 78961.0, 1.6556e+01, 2.3591e+01, 4.0185e+01
78961.5, 78962.5, 78962.0, 1.8550e+01, 1.5480e+01, 3.7810e+01
78962.5, 78963.5, 78963.0, 1.6906e+01, 1.5664e+01, 3.7147e+01
78963.5, 78964.5, 78964.0, 1.3405e+01, 1.4004e+01, 3.9072e+01
78964.5, 78965.5, 78965.0, 1.5757e+01, 1.6084e+01, 3.7173e+01
78965.5, 78966.5, 78966.0, 2.0184e+01, 1.2395e+01, 4.1625e+01
78966.5, 78967.5, 78967.0, 2.2035e+01, 2.0974e+01, 3.6322e+01
78967.5, 78968.5, 78968.0, 1.2828e+01, 8.5253e+00, 3.6767e+01
78968.5, 78969.5, 78969.0, 1.9827e+01, 3.8338e+00, 3.7724e+01
78969.5, 78970.5, 78970.0, 1.4093e+01, 1.0924e+01, 4.1100e+01
78970.5, 78971.5, 78971.0, 1.4733e+01, 1.5725e+01, 4.0309e+01
78971.5, 78972.5, 78972.0, 1.7306e+01, 4.8521e+00, 3.8893e+01
78972.5, 78973.5, 78973.0, 1.7660e+01, 2.1429e+01, 3.5908e+01
78973.5, 78974.5, 78974.0, 1.9025e+01, 8.0575e+00, 3.6327e+01
78974.5, 78975.5, 78975.0, 1.4942e+01, 3.0051e+00, 3.6443e+01
78975.5, 78976.5, 78976.0, 1.6725e+01, 4.8314e+00, 3.4342e+01
78976.5, 78977.5, 78977.0, 1.5432e+01, 8.0031e+00, 3.5234e+01
78977.5, 78978.5, 78978.0, 1.2007e+01, 2.0064e+01, 3.5106e+01
78978.5, 78979.5, 78979.0, 1.6569e+01, 2.1257e+00, 4.3462e+01
78979.5, 78980.5, 78980.0, 2.1427e+01, 1.4451e+01, 5.0141e+01
78980.5, 78981.5, 78981.0, 2.7068e+01, 1.8141e+01, 5.0128e+01
78981.5, 78982.5, 78982.0, 1.3848e+01, 2.5623e+01, 5.0067e+01
