FRAPPE-TOGA_C130_20140731_R2.ict
90,1001
Eric Apel, Rebecca Hornbrook, Alan Hills
Atmospheric Chemistry Division/NESL/NCAR
Trace Organic Gases measured with TOGA on the C-130
FRAPPE_CO_2014
1,1
2014, 7, 31, 2016, 1, 8
0
Start_UTC, seconds, number_of_seconds_from_0000_UTC
56
1,1,1,1,1,1,1,1,1,1,1,1,1,1,1,1,1,1,1,1.0,1,1,1,1,1,1,1,1,1,1,1,1,1,1,1,1,1,1,1,1,1,1,1,1,1,1,1,1,1,1,1,1,1,1,1,1
-999,-999,-999,-999,-999,-999,-999,-999,-999,-999,-999,-999,-999,-999,-999,-999,-999,-999,-999,-999,-999,-999,-999,-999,-999,-999,-999,-999,-999,-999,-999,-999,-999,-999,-999,-999,-999,-999,-999,-999,-999,-999,-999,-999,-999,-999,-999,-999,-999,-999,-999,-999,-999,-999,-999,-999
Stop_UTC, seconds
Mid-point_UTC, seconds
C3H8, pptv
CH2O, pptv
HCN, pptv
i_Butane, pptv
n_Butane, pptv
Acetaldehyde, pptv
i_Butene_1_Butene, pptv
Methyl_Bromide, pptv
i_Pentane, pptv
n_Pentane, pptv
Methanol, pptv
Ethanol, pptv
Acrolein, pptv
Isoprene, pptv
DMS, pptv
CFC11, pptv
CFC113, pptv
Propanal, pptv
Acetone, pptv
2_Methylpentane, pptv
3_Methylpentane, pptv
n_Hexane, pptv
Dichloromethane, pptv
CH3CN, pptv
MACR, pptv
MVK, pptv
3_MethylFuran, pptv
Butanal, pptv
MEK, pptv
Chloroform, pptv
Carbon_Tetrachloride, pptv
EthylNitrate, pptv
I_PropylNitrate, pptv
MBO, pptv
Benzene, pptv
n_Heptane, pptv
Bromodichloromethane, pptv
Dibromomethane, pptv
tert_ButylNitrate, pptv
2_ButylNitrate_n_ButylNitrate, pptv
2_PentylNitrate_3_PentylNitrate, pptv
Toluene, pptv
Ethylbenzene_m_p_Xylene, pptv
o_Xylene, pptv
Tetrachloroethylene, pptv
Dibromochloromethane, pptv
Chlorobenzene, pptv
Bromoform, pptv
Alpha_Pinene, pptv
Camphene, pptv
Beta_Pinene, pptv
d_Limonene_3_Carene, pptv
1_2_4_Trimethylbenzene, pptv
1_2_3_Trimethylbenzene, pptv
0
20
PI_CONTACT_INFO: 303-497-1452, NCAR, 3450 Mitchell Lane, Boulder, CO 80307, apel@ucar.edu
PLATFORM: NCAR/NSF C-130
LOCATION: Latitude, Longitude and Altitude are in C-130 ADS files
ASSOCIATED_DATA: N/A
INSTRUMENT_INFO: Trace Organic Gas Analyzer
DATA_INFO: 35-second integrated sampling time
UNCERTAINTY: reported below in OTHER_COMMENTS for each VOC as a relative uncertainty (in %) and an absolute uncertainty (in pptv), whichever is greater.
ULOD_FLAG: -777
ULOD_VALUE: N/A
LLOD_FLAG: -888
LLOD_VALUE: N/A,N/A,10,2,10,0.5,0.5,5,1,1,0.5,0.5,20,10,1,1,0.5,1,1,5.0,20,0.5,0.5,0.5,1,1,1,1,1,1,1,1,1,0.5,1,0.5,1,3,0.5,0.03,1,1,1,0.5,0.3,0.2,0.3,0.02,0.1,0.1,0.2,0.5,0.5,0.5,1,1
DM_CONTACT_INFO: Eric Apel, apel@ucar.edu
PROJECT_INFO: FRAPPÉ study July-August 2014, field catalog: http://catalog.eol.ucar.edu/frappe
STIPULATIONS_ON_USE: contact PI BEFORE use/presentation/publication
OTHER_COMMENTS: uncertainties:
OTHER_COMMENTS:  C3H8: 30% or 20,CH2O: 40% or 40,HCN: 50% or 20,i_Butane: 15% or 1,n_Butane: 15% or 1,Acetaldehyde: 20% or 10,i_Butene_1_Butene: 50% or 2,Methyl_Bromide: 20% or 2,i_Pentane: 15% or 1,n_Pentane: 15% or 1,Methanol: 30% or 40,Ethanol: 30% or 20,Acrolein: 30% or 2,Isoprene: 15% or 2,DMS: 15% or 1,CFC11: 20% or 10,CFC113: 20% or 2,Propanal: 20% or 10,Acetone: 20% or 40,2_Methylpentane: 15% or 1,3_Methylpentane: 15% or 1,n_Hexane: 15% or 1,Dichloromethane: 15% or 2,CH3CN: 40% or 2,MACR: 20% or 2,MVK: 20% or 2,3_MethylFuran: 20% or 2,Butanal: 30% or 2,MEK: 20% or 2,Chloroform: 15% or 2,Carbon_Tetrachloride: 30% or 2,EthylNitrate: 50% or 2,I_PropylNitrate: 25% or 2,MBO: 30% or 1,Benzene: 15% or 2,n_Heptane: 30% or 6,Bromodichloromethane: 20% or 0.1,Dibromomethane: 15% or 0.06,tert_ButylNitrate: 50% or 2,2_ButylNitrate_n_ButylNitrate: 40% or 2,2_PentylNitrate_2_PentylNitrate: 30% or 2,Toluene: 15% or 1,Ethylbenzene_m_p_Xylene: 20% or 0.6,o_Xylene: 20% or 0.4,Tetrachloroethylene: 15% or 0.6,Dibromochloromethane: 15% or 0.06,Chlorobenzene: 15% or 0.2,Bromoform: 30% or 0.4,Alpha_Pinene: 30% or 0.4,Camphene: 30% or 1,Beta_Pinene: 30% or 1,d_Limonene_3_Carene: 30% or 1,1_2_4_Trimethylbenzene: 50% or 2,1_2_3_Trimethylbenzene: 50% or 2,,,
REVISION: R2, R1
R2: final data, no change from preliminary data
R1: preliminary data
Start_UTC,Stop_UTC,Mid-point_UTC,C3H8,CH2O,HCN,i_Butane,n_Butane,Acetaldehyde,i_Butene_1_Butene,Methyl_Bromide,i_Pentane,n_Pentane,Methanol,Ethanol,Acrolein,Isoprene,DMS,CFC11,CFC113,Propanal,Acetone,2_Methylpentane,3_Methylpentane,n_Hexane,Dichloromethane,CH3CN,MACR,MVK,3_MethylFuran,Butanal,MEK,Chloroform,Carbon_Tetrachloride,EthylNitrate,I_PropylNitrate,MBO,Benzene,n_Heptane,Bromodichloromethane,Dibromomethane,tert_ButylNitrate,2_ButylNitrate_n_ButylNitrate,2_PentylNitrate_3_PentylNitrate,Toluene,Ethylbenzene_m_p_Xylene,o_Xylene,Tetrachloroethylene,Dibromochloromethane,Chlorobenzene,Bromoform,Alpha_Pinene,Camphene,Beta_Pinene,d_Limonene_3_Carene,1_2_4_Trimethylbenzene,1_2_3_Trimethylbenzene
[from data line 56]
78965,79000,78983,24,271,223,2.6,3.2,28,-888,6.49,-888,-888,553,38,-888,-888,-888,240,64.6,-888,600,-888,-888,-888,47.1,-999,-888,-888,-888,-888,3.3,9.96 ,-999,-888,-888,-888,4.4,-888,-888,0.68 ,-888,-888,-999,0.6,0.4,-888,1.20 ,-888,-999,0.34 ,-888,-888,-888,-888,5.10,6.71
79085,79120,79103,102,280,222,7.2,14.1,24,-888,5.75,4.1,4.6,767,39,-888,-888,-888,230,64.4,-888,676,-888,-888,1.1,46.9,-999,-888,-888,-888,-888,8.3,9.69 ,-999,-888,-888,-888,4.9,-888,-888,0.65 ,-888,-888,-999,0.6,0.3,-888,1.13 ,-888,-999,0.34 ,-888,-888,-888,-888,5.99,4.38
79205,79240,79223,547,339,201,31.2,77.9,81,3.1,6.57,18.9,21.2,984,85,-888,-888,-888,235,63.0,8.6,734,3.9,0.9,3.3,45.4,-999,-888,-888,-888,-888,27.1,8.54 ,-999,2.22 ,2.75 ,-888,5.6,-888,-888,0.69 ,-888,9.78 ,-999,2.2,0.6,0.2,1.38 ,0.17 ,-999,0.38 ,-888,-888,-888,-888,4.24,4.79
79325,79360,79343,1659,1002,310,195.7,525.0,445,13.5,7.10,117.3,130.2,4074,526,-888,4.4,-888,231,67.1,32.0,1869,26.9,7.9,23.7,47.9,-999,3.1,9.1,-888,8.1,173.6,11.77 ,-999,6.04 ,10.59 ,-888,19.8,7.5,-888,0.64 ,6.85 ,36.96 ,-999,13.1,2.6,0.7,2.13 ,0.26 ,-999,0.46 ,-888,-888,-888,-888,9.10,5.67
79445,79480,79463,1860,1298,317,206.3,548.8,559,13.7,6.25,127.6,139.2,4513,847,-888,5.9,-888,230,64.8,35.7,2022,30.8,10.3,27.5,47.3,-999,3.4,14.1,-888,6.2,195.8,11.60 ,-999,5.27 ,15.11 ,-888,22.5,7.9,-888,0.86 ,7.10 ,43.62 ,-999,15.2,3.2,0.9,2.56 ,-888,-999,0.42 ,-888,-888,-888,-888,8.98,6.86
79565,79600,79583,3394,1345,327,424.3,1170.7,617,28.6,6.45,275.2,318.6,4606,840,2.3,5.7,-888,233,63.2,56.1,2126,66.1,18.6,60.7,48.8,-999,3.1,11.9,-888,9.3,247.4,10.95 ,-999,5.16 ,15.87 ,-888,29.7,18.6,-888,0.78 ,13.95 ,57.09 ,-999,28.5,5.8,2.0,2.26 ,-888,-999,0.41 ,0.46 ,-888,-888,-888,16.37,9.22
79685,79720,79703,2946,1165,289,357.8,991.9,486,24.5,6.00,233.1,285.2,3948,701,-888,1.9,-888,230,65.2,45.4,1948,62.3,18.2,55.4,49.9,-999,2.3,15.3,-888,10.0,218.9,11.07 ,-999,5.68 ,13.34 ,-888,26.6,16.7,-888,0.67 ,8.69 ,45.82 ,-999,22.8,4.6,1.4,2.45 ,-888,-999,0.39 ,-888,-888,-888,-888,11.26,9.62
79805,79840,79823,3110,1434,230,454.6,1254.3,595,30.0,6.59,331.4,386.4,4402,797,-888,6.1,-888,231,64.0,53.2,2054,92.2,26.3,81.5,48.4,-999,7.1,22.3,-888,13.5,244.2,11.60 ,-999,4.52 ,13.26 ,-888,35.4,29.2,-888,0.66 ,7.60 ,58.49 ,-999,49.8,12.0,4.0,4.07 ,-888,-999,0.58 ,0.35 ,-888,-888,-888,28.37,14.57
79925,79960,79943,1816,1265,285,221.8,580.7,366,15.6,7.04,164.9,184.7,3645,467,-888,7.5,-888,231,63.9,28.9,1717,43.0,13.7,38.1,48.8,-999,5.0,11.3,-888,5.9,150.6,11.96 ,-999,3.86 ,11.03 ,-888,21.9,13.4,-888,0.75 ,5.57 ,31.87 ,-999,17.2,6.2,2.1,2.91 ,0.30 ,-999,0.41 ,-888,-888,-888,-888,18.66,14.94
80045,80080,80063,3886,1461,311,517.9,1403.1,428,31.6,6.20,375.1,426.8,3887,503,-888,4.8,-888,232,63.3,47.6,1814,110.5,32.0,101.3,50.6,-999,5.3,11.8,-888,7.7,192.3,12.67 ,-999,5.22 ,15.71 ,-888,40.4,41.2,-888,0.75 ,9.27 ,43.26 ,-999,40.9,12.5,4.0,4.31 ,-888,-999,0.60 ,-888,-888,-888,-888,28.95,16.13
80165,80200,80183,1382,1520,303,276.5,679.8,445,18.1,6.41,228.9,248.5,4013,693,-888,2.5,-888,230,64.8,31.1,1768,76.8,22.8,67.3,50.6,-999,3.4,8.1,-888,4.7,156.6,11.20 ,-999,4.02 ,12.29 ,1.95 ,38.8,28.6,-888,0.63 ,8.23 ,34.44 ,-999,42.7,11.7,3.6,3.57 ,0.31 ,-999,0.52 ,-888,-888,-888,-888,21.27,12.27
80285,80320,80303,537,1739,351,99.3,215.4,580,6.5,7.03,182.9,134.0,4072,1059,3.7,-888,-888,232,64.3,36.9,2016,53.7,16.3,30.2,67.9,-999,6.0,20.7,-888,8.4,162.3,14.86 ,-999,6.22 ,14.65 ,0.78 ,41.3,9.8,-888,0.79 ,8.98 ,34.21 ,-999,67.2,16.8,5.3,7.92 ,0.30 ,-999,0.66 ,-888,-888,-888,-888,35.12,11.67
80405,80440,80423,720,1908,375,140.3,295.3,619,10.0,6.44,262.2,149.7,3885,1002,5.6,6.5,-888,234,61.9,38.5,1955,83.1,28.0,45.6,64.1,-999,9.7,29.2,-888,10.0,158.4,11.80 ,-999,5.53 ,13.50 ,1.22 ,50.8,13.1,-888,0.76 ,13.94 ,27.60 ,-999,137.5,45.1,13.7,8.98 ,-888,-999,0.50 ,1.25 ,-888,-888,-888,184.02,70.93
80525,80560,80543,881,2263,386,136.1,296.8,822,14.4,6.67,345.9,178.4,4536,1639,6.1,6.1,-888,269,63.2,51.7,2261,107.1,40.4,69.2,85.2,-999,9.4,33.7,-888,13.8,195.9,15.55 ,-999,6.63 ,12.62 ,3.35 ,72.7,31.9,-888,0.64 ,7.73 ,30.52 ,-999,225.9,82.3,25.4,16.05 ,-888,-999,0.83 ,1.51 ,-888,-888,-888,253.71,128.88
80645,80680,80663,683,1714,384,84.0,170.6,457,6.2,7.40,125.1,71.3,4254,639,2.6,-888,-888,245,64.8,25.6,1988,36.6,12.7,26.4,52.5,-999,5.5,15.0,-888,6.9,153.3,12.75 ,-999,4.72 ,13.02 ,-888,35.2,6.9,-888,0.88 ,5.05 ,30.11 ,-999,58.7,16.4,4.4,6.11 ,-888,-999,0.72 ,0.52 ,-888,-888,-888,35.76,17.25
80765,80800,80783,727,1880,328,86.8,180.6,533,6.4,6.14,115.2,72.3,4471,1061,-888,9.3,-888,233,62.8,23.2,1946,34.3,12.3,22.0,59.4,-999,19.5,66.3,-888,6.8,147.5,13.49 ,-999,5.77 ,11.60 ,-888,33.8,5.3,-888,0.77 ,10.46 ,30.42 ,-999,50.7,14.0,4.0,7.35 ,0.50 ,-999,0.77 ,0.47 ,-888,-888,-888,28.96,13.32
80885,80920,80903,1017,2106,364,113.2,232.1,714,8.6,6.60,228.2,119.9,5273,1322,4.6,18.8,-888,229,63.5,36.1,2109,71.2,25.1,48.2,71.1,-999,19.7,59.4,-888,9.7,171.6,15.02 ,-999,6.13 ,13.04 ,-888,54.1,19.3,-888,0.79 ,11.24 ,32.09 ,-999,118.8,39.8,12.0,11.75 ,-888,-999,0.73 ,3.27 ,-888,1.33 ,-888,110.20,59.45
81005,81040,81023,858,2234,384,142.2,336.0,847,17.9,6.06,425.0,217.7,5276,1738,9.0,11.1,-888,287,61.0,68.7,2347,145.0,49.3,83.3,100.6,-999,17.3,51.3,-888,15.5,203.5,15.44 ,-999,6.37 ,14.67 ,5.93 ,84.3,34.8,-888,0.72 ,7.87 ,28.73 ,-999,260.5,123.8,36.6,15.36 ,-888,-999,0.71 ,2.49 ,0.76 ,1.06 ,-888,355.75,197.98
81125,81160,81143,621,2202,383,158.9,323.7,848,12.7,6.11,363.0,230.9,4013,1531,8.6,30.1,-888,245,60.2,54.0,2162,115.6,37.5,60.4,75.3,-999,13.0,39.1,-888,14.0,200.6,18.65 ,-999,4.93 ,13.66 ,4.19 ,71.1,26.4,-888,0.67 ,8.83 ,26.26 ,-999,193.5,67.9,20.8,11.59 ,-888,-999,0.62 ,2.17 ,-888,1.84 ,-888,207.28,91.98
81245,81280,81263,965,2204,380,155.5,355.5,806,12.1,6.53,282.9,231.9,4437,1389,9.0,4.2,-888,236,67.7,41.1,2085,82.6,25.8,50.5,67.8,-999,9.8,32.1,-888,10.2,188.5,15.38 ,-999,6.38 ,13.82 ,-888,51.9,18.4,-888,0.75 ,9.83 ,34.50 ,-999,98.6,27.7,8.5,7.77 ,-888,-999,0.67 ,0.47 ,-888,-888,-888,67.88,27.28
81365,81400,81383,2125,1609,327,353.0,870.4,560,22.0,6.43,284.1,298.6,4151,752,3.9,11.6,-888,236,66.4,48.4,1895,90.4,26.5,73.6,52.5,-999,5.4,16.5,-888,9.1,198.8,12.52 ,-999,5.61 ,15.13 ,1.12 ,38.1,29.6,-888,0.75 ,10.72 ,43.95 ,-999,42.2,14.5,4.7,4.14 ,0.24 ,-999,0.63 ,-888,-888,-888,-888,36.34,24.08
81485,81520,81503,1800,1503,276,284.6,749.5,405,18.3,6.73,223.1,245.6,4074,499,-888,17.5,-888,229,62.2,40.1,1759,69.3,20.2,62.1,50.9,-999,5.7,13.4,-888,5.3,187.1,11.97 ,-999,5.28 ,12.19 ,1.29 ,32.2,26.2,-888,0.75 ,6.84 ,37.59 ,-999,30.2,9.0,3.2,4.36 ,0.18 ,-999,0.52 ,-888,-888,-888,-888,22.60,14.71
81605,81640,81623,1963,1431,289,297.3,816.1,452,19.7,5.80,239.7,263.9,4544,656,2.1,30.2,-888,237,64.9,48.0,1803,72.4,19.6,53.6,54.1,-999,5.8,20.5,-888,7.7,185.1,13.21 ,-999,4.57 ,11.74 ,-888,30.3,19.5,-888,0.87 ,8.13 ,37.76 ,-999,40.8,15.7,4.5,3.92 ,-888,-999,0.54 ,1.41 ,-888,0.89 ,-888,44.84,26.35
81725,81760,81743,2398,1419,298,340.4,942.9,532,24.2,6.96,254.7,286.2,4136,727,-888,20.4,-888,225,62.5,47.5,1951,71.1,19.7,58.1,48.7,-999,6.7,20.6,-888,9.9,211.6,11.93 ,-999,5.29 ,13.69 ,2.08 ,31.7,19.7,-888,0.74 ,10.08 ,46.23 ,-999,38.2,11.4,3.9,3.54 ,0.29 ,-999,0.52 ,1.83 ,-888,0.69 ,-888,35.64,20.68
81845,81880,81863,2730,1460,274,407.5,1088.5,651,27.0,6.19,284.5,328.9,4676,861,-888,53.7,-888,228,63.2,59.6,2228,72.0,21.9,68.5,46.6,-999,10.4,33.3,-888,12.8,271.6,11.56 ,-999,5.87 ,15.59 ,-888,34.6,22.8,-888,0.68 ,11.64 ,55.23 ,-999,39.7,11.3,3.5,3.83 ,0.26 ,-999,0.36 ,1.91 ,-888,0.89 ,1.08 ,31.12,18.75
81965,82000,81983,3013,1411,239,439.0,1240.5,689,27.8,6.43,293.0,355.2,4766,1146,-888,10.6,-888,225,63.1,76.8,2113,84.0,23.3,71.9,49.9,-999,4.7,15.1,-888,8.5,271.0,12.04 ,-999,5.65 ,15.76 ,-888,34.6,37.2,-888,0.77 ,12.23 ,56.03 ,-999,34.2,24.2,5.2,2.39 ,-888,-999,0.52 ,-888,-888,0.51 ,-888,20.88,11.50
82085,82120,82103,2394,1469,259,336.7,944.5,683,22.4,6.60,213.6,250.4,5068,1056,-888,-888,-888,229,62.8,62.6,2100,59.4,15.6,45.9,51.2,-999,4.8,14.4,-888,9.9,245.8,11.60 ,-999,5.02 ,13.38 ,-888,28.3,14.3,-888,0.67 ,8.54 ,51.26 ,-999,25.0,5.0,1.5,2.36 ,-888,-999,0.61 ,-888,-888,-888,-888,12.48,6.22
82205,82240,82223,817,1385,272,96.2,220.2,467,6.8,6.38,64.5,56.4,4626,813,-888,-888,-888,230,63.1,23.5,1904,17.0,4.6,10.6,49.1,-999,3.5,13.7,-888,5.0,140.7,11.25 ,-999,5.17 ,11.43 ,4.19 ,17.8,3.2,-888,0.68 ,5.63 ,29.52 ,-999,11.2,2.4,0.7,3.77 ,-888,-999,0.52 ,0.91 ,-888,0.89 ,0.89 ,5.18,6.78
82325,82360,82343,669,1294,259,66.6,161.8,335,5.5,6.86,44.0,39.1,4096,501,1.7,-888,-888,232,64.7,22.4,1880,11.7,3.5,7.0,54.1,-999,5.2,18.6,-888,5.8,117.3,11.43 ,-999,4.72 ,8.72 ,-888,15.1,-888,-888,0.67 ,5.03 ,20.04 ,-999,9.4,1.7,0.5,2.56 ,0.19 ,-999,0.50 ,3.44 ,1.69 ,4.08 ,9.30 ,8.44,6.67
82445,82480,82463,702,1363,292,69.8,165.6,399,5.4,5.35,59.2,44.8,4288,589,-888,-888,-888,229,62.7,25.5,1968,16.8,5.0,10.8,50.0,-999,6.3,19.1,-888,4.5,124.1,10.67 ,-999,4.32 ,9.16 ,27.51 ,18.4,4.3,-888,0.69 ,6.06 ,27.57 ,-999,19.5,4.4,1.2,3.22 ,-888,-999,0.43 ,6.39 ,3.09 ,6.36 ,11.22 ,13.92,10.75
82565,82600,82583,909,1559,322,98.0,235.5,410,7.7,6.40,83.3,69.5,4455,746,-888,18.2,-888,235,65.7,28.3,1882,22.6,7.0,16.7,54.7,-999,10.4,37.6,-888,6.8,136.6,12.05 ,-999,5.35 ,8.61 ,47.54 ,21.4,5.5,-888,0.91 ,6.33 ,28.20 ,-999,32.0,7.5,2.5,4.18 ,-888,-999,0.59 ,12.97 ,5.58 ,12.66 ,32.62 ,21.02,17.82
82685,82720,82703,505,1142,301,57.2,133.4,304,4.9,6.83,40.5,39.0,3895,460,-888,-888,-888,229,64.2,17.1,1734,11.1,3.4,8.1,52.5,-999,10.9,36.9,-888,3.0,101.9,11.65 ,-999,3.47 ,6.85 ,105.91 ,15.0,3.0,-888,0.72 ,-888,19.39 ,-999,13.8,2.7,0.9,2.31 ,-888,-999,0.59 ,9.64 ,3.73 ,15.64 ,34.28 ,18.90,20.20
82805,82840,82823,454,1056,315,52.7,117.2,309,4.8,6.80,31.8,29.8,3816,534,-888,12.8,-888,234,62.2,19.1,1838,9.8,2.8,6.8,54.5,-999,7.7,24.6,-888,3.5,96.5,11.73 ,-999,4.44 ,7.33 ,65.53 ,13.5,3.9,-888,0.67 ,5.05 ,19.82 ,-999,10.5,1.8,0.8,1.84 ,-888,-999,0.45 ,12.52 ,7.16 ,14.18 ,28.21 ,7.96,13.96
82925,82960,82943,516,1207,278,53.1,125.4,357,4.5,7.18,35.3,30.5,3993,637,-888,6.1,-888,233,65.2,11.0,1976,11.2,3.3,8.1,63.2,-999,6.8,26.4,-888,3.1,102.4,11.21 ,-999,4.26 ,7.10 ,55.36 ,14.6,-888,-888,0.84 ,5.36 ,19.00 ,-999,12.0,2.1,0.5,2.33 ,-888,-999,0.57 ,7.67 ,4.49 ,7.02 ,14.15 ,9.83,8.66
83045,83080,83063,531,1351,295,50.3,128.4,326,4.5,6.59,47.7,34.9,3767,516,-888,-888,-888,231,65.2,15.8,1966,15.9,4.9,12.7,63.5,-999,9.2,29.4,-888,4.2,103.0,11.80 ,-999,3.93 ,8.53 ,39.54 ,17.4,3.7,-888,0.73 ,5.37 ,20.18 ,-999,24.7,5.5,1.6,2.51 ,-888,-999,0.46 ,7.11 ,3.59 ,6.60 ,13.11 ,17.46,10.32
83164,83199,83182,299,1044,285,30.1,65.8,212,2.4,5.98,24.1,17.8,2793,382,-888,12.6,-888,233,66.0,11.8,1367,7.1,2.9,5.0,54.7,-999,4.8,14.7,-888,2.8,62.3,11.55 ,-999,2.71 ,5.55 ,51.57 ,10.9,-888,-888,0.75 ,6.48 ,8.98 ,-999,9.9,2.2,0.6,2.36 ,-888,-999,0.36 ,9.14 ,6.92 ,8.09 ,16.27 ,8.88,11.84
83285,83320,83303,555,1063,251,52.2,107.2,302,4.2,6.52,38.4,32.8,3864,600,-888,17.2,-888,230,63.4,13.0,1823,9.6,3.3,7.5,54.2,-999,8.5,26.3,-888,4.3,93.3,11.20 ,-999,3.19 ,7.82 ,65.47 ,15.3,4.0,-888,0.83 ,-888,21.67 ,-999,16.5,3.6,1.0,4.03 ,-888,-999,0.55 ,10.05 ,5.61 ,12.11 ,23.71 ,18.73,14.43
83405,83440,83423,679,654,255,65.8,119.5,134,4.1,6.66,26.2,28.8,2923,108,-888,-888,-888,230,63.2,11.3,1775,6.9,2.9,6.1,40.2,-999,-888,-888,-888,1.9,108.9,9.92 ,-999,3.36 ,7.31 ,-888,13.7,-888,-888,0.78 ,8.45 ,19.74 ,-999,3.9,0.7,-888,1.88 ,-888,-999,0.62 ,-888,-888,-888,-888,5.92,5.64
83525,83560,83543,623,675,264,56.5,112.5,158,3.8,6.70,27.1,29.4,2975,149,-888,3.5,-888,230,61.7,9.7,1776,6.0,1.9,5.2,43.9,-999,2.6,8.3,-888,3.1,91.6,9.94 ,-999,4.89 ,8.38 ,7.78 ,13.2,-888,-888,0.73 ,4.45 ,16.42 ,-999,5.6,1.2,0.4,1.89 ,-888,-999,0.62 ,1.35 ,0.96 ,1.36 ,3.12 ,6.51,7.61
83645,83680,83663,704,601,263,54.8,114.3,154,3.6,5.86,25.6,27.1,2664,141,-888,-888,-888,227,62.0,6.6,1710,4.9,1.8,5.1,45.9,-999,-888,-888,-888,2.4,95.5,9.92 ,-999,3.58 ,8.37 ,-888,12.4,-888,-888,0.83 ,-888,18.62 ,-999,4.3,0.7,-888,1.63 ,0.37 ,-999,0.57 ,-888,-888,-888,-888,4.36,5.10
83765,83800,83783,707,657,256,59.1,127.2,155,4.5,7.01,22.5,29.3,2833,127,-888,-888,-888,233,64.0,14.4,1684,5.5,2.4,5.9,42.5,-999,-888,-888,-888,1.9,97.9,9.66 ,-999,4.29 ,9.24 ,-888,11.7,-888,-888,0.90 ,5.12 ,15.43 ,-999,3.8,0.6,0.2,1.62 ,-888,-999,0.60 ,-888,-888,-888,-888,3.56,3.85
83885,83920,83903,426,418,244,42.7,89.2,103,4.6,5.66,18.2,20.7,1870,75,-888,-888,-888,226,62.7,11.9,1223,4.2,1.0,4.2,46.2,-999,-888,-888,-888,2.4,71.2,10.12 ,-999,2.77 ,4.38 ,-888,9.2,-888,-888,0.79 ,-888,12.17 ,-999,1.7,-888,-888,1.84 ,-888,-999,0.50 ,-888,-888,-888,-888,5.03,5.37
84005,84040,84023,167,334,282,13.5,28.2,61,1.9,5.96,5.7,7.4,1159,61,-888,-888,-888,236,63.8,5.2,844,-888,-888,1.4,54.1,-999,-888,-888,-888,2.2,25.7,10.74 ,-999,2.76 ,2.38 ,-888,6.2,-888,-888,0.74 ,-888,5.87 ,-999,1.1,-888,-888,1.89 ,-888,-999,0.33 ,-888,-888,-888,-888,5.03,4.23
84125,84160,84143,282,379,229,22.6,47.9,118,2.5,6.62,12.6,13.2,1845,131,-888,7.2,-888,225,62.2,7.8,1087,2.9,1.3,3.0,51.3,-999,3.2,7.4,-888,2.3,41.3,10.52 ,-999,2.31 ,3.78 ,19.32 ,8.6,-888,-888,0.78 ,-888,6.86 ,-999,3.9,0.7,-888,1.71 ,-888,-999,0.44 ,1.63 ,1.20 ,2.49 ,3.98 ,5.28,6.83
84245,84280,84263,136,334,241,9.9,18.7,63,1.9,6.27,3.7,6.1,1055,53,-888,-888,-888,236,66.1,-888,816,-888,-888,-888,56.1,-999,-888,-888,-888,-888,16.0,11.32 ,-999,1.84 ,1.59 ,-888,6.6,-888,-888,0.71 ,-888,-888,-999,0.8,-888,-888,1.41 ,-888,-999,0.22 ,-888,-888,-888,-888,3.60,4.55
84365,84400,84383,40,183,176,5.9,10.7,28,-888,5.98,2.1,2.3,778,43,-888,-888,-888,225,62.5,-888,710,-888,-888,-888,49.7,-999,-888,-888,-888,-888,9.6,10.98 ,-999,-888,-888,-888,6.4,-888,-888,0.72 ,-888,-888,-999,0.6,-888,-888,1.52 ,-888,-999,0.31 ,-888,-888,-888,-888,3.89,4.93
84485,84520,84503,34,147,200,1.1,1.8,23,-888,5.52,-888,-888,546,31,-888,-888,-888,227,59.5,-888,620,-888,-888,-888,49.3,-999,-888,-888,-888,-888,2.4,10.27 ,-999,0.78 ,-888,-888,5.1,-888,-888,0.71 ,-888,-888,-999,-888,-888,-888,1.47 ,-888,-999,0.35 ,-888,-888,-888,-888,3.78,6.20
84605,84640,84623,54,135,201,3.7,5.5,27,1.3,5.87,1.9,2.2,684,45,-888,-888,-888,227,65.1,-888,647,-888,-888,-888,48.8,-999,-888,-888,-888,-888,2.9,10.57 ,-999,-888,-888,-888,5.0,-888,-888,0.60 ,-888,-888,-999,-888,-888,-888,1.31 ,-888,-999,0.37 ,-888,-888,-888,-888,4.21,6.28
84725,84760,84743,100,138,316,4.4,5.1,44,-888,6.11,-888,-888,1133,58,-888,-888,-888,230,63.0,-888,1116,-888,-888,-888,72.1,-999,-888,-888,-888,-888,8.4,15.34 ,-999,2.59 ,2.89 ,-888,15.7,-888,-888,0.78 ,-888,-888,-999,-888,-888,-888,2.34 ,-888,-999,0.47 ,-888,-888,-888,-888,5.06,4.35
84845,84880,84863,40,-888,210,1.9,-888,24,-888,5.70,-888,-888,357,39,-888,-888,-888,233,63.8,-888,463,-888,-888,-888,61.5,-999,-888,-888,-888,-888,-888,10.46 ,-999,1.43 ,-888,-888,3.9,-888,-888,0.70 ,-888,-888,-999,0.5,-888,-888,1.77 ,-888,-999,0.27 ,-888,-888,-888,-888,-888,-888
84965,85000,84983,49,-888,225,-888,1.5,9,1.0,5.33,-888,-888,372,26,-888,-888,-888,230,67.4,-888,461,-888,-888,-888,59.2,-999,-888,-888,-888,-888,-888,10.37 ,-999,-888,-888,-888,3.8,-888,-888,0.69 ,-888,-888,-999,-888,-888,-888,1.67 ,-888,-999,0.33 ,-888,-888,-888,-888,-888,-888
85085,85120,85103,42,-888,229,3.1,5.7,26,-888,5.80,-888,-888,639,-888,-888,-888,-888,232,62.4,-888,600,-888,-888,-888,56.8,-999,-888,-888,-888,-888,3.9,10.10 ,-999,-888,-888,-888,4.8,-888,-888,0.72 ,-888,-888,-999,-888,-888,-888,1.39 ,-888,-999,0.32 ,-888,-888,-888,-888,4.93,4.63
85205,85240,85223,60,85,134,2.5,4.7,24,-888,5.93,-888,-888,767,37,-888,-888,-888,229,62.5,-888,623,-888,-888,-888,55.6,-999,-888,-888,-888,-888,4.4,10.16 ,-999,0.81 ,-888,-888,5.5,-888,-888,0.76 ,-888,-888,-999,-888,-888,-888,1.46 ,-888,-999,0.35 ,-888,-888,-888,-888,4.82,5.97
85325,85360,85343,67,77,280,5.8,9.2,26,-888,7.17,2.2,2.8,863,45,-888,-888,-888,233,61.3,-888,790,-888,-888,-888,56.6,-999,-888,-888,-888,-888,7.5,11.55 ,-999,1.88 ,-888,-888,7.1,-888,-888,0.87 ,-888,-888,-999,0.6,0.3,-888,1.69 ,-888,-999,0.35 ,-888,-888,-888,-888,4.83,5.55
