FRAPPE-PCIMS_C130_20140731_R0_1min.ict
41, 1001
Heikes, Brian G.
University of Rhode Island, bheikes@uri.edu
USNA PCIMS in-situ measurements from C-130 aircraft
FRAPPE 2014
1,1
2014,07,31,2015,01,09
0
UTC_start,seconds,start UTC time for the measurement period given in seconds from midnight day of takeoff
6
1,1,1,1,1,1
-99999.,-99999.,-99999.,-99999.,-99999.,-99999.
UTC_stop,seconds,stop UTC time for the measurement period given in seconds from midnight
UTC_mid,seconds,mid UTC time for the measurement period given in seconds from midnight
H2O2_ppt, volume_mixing_ratio_of_hydrogen_peroxide_in_air
CH3OOH_ppt, volume_mixing_ratio_of_methyl_hydroperoxide_in_air
HC(O)OH_ppt, volume_mixing_ratio_of_formic_acid_in_air
CH3C(O)OH_ppt, volume_mixing_ratio_of_acetic_acid_in_air
1
SPECIAL COMMENTS:N/A
20
PI_CONTACT_INFO:Brian G. Heikes, Graduate School of Oceanography, University of Rhode Island
PLATFORM: NCAR C-130
LOCATION: The aircraft was stationed in Broomfield, CO.
ASSOCIATED_DATA: N/A
INSTRUMENT_INFO: USNA PCIMS for gas phase measurements of [H2O2], [CH3OOH], [HC(O)OH], and [CH3C(O)OH]
DATA_INFO: Measurements reported in volume mixing ratio, ppt
DM_CONTACT_INFO: Brian H
STIPULATIONS_ON_USE: Use of these data require prior ok from PI.
OTHER_COMMENTS: Failure to comprehend "negative" values means you are a "modeler"
UNCERTAINTY: UTC_stop=N/A; UTC_mid=N/A; H2O2=30%; CH3OOH=30%; H2O2=30%; CH3OOH=30%;
LLOD_FLAG: N/A
LLOD_VALUE: N/A
ULOD_FLAG: N/A
ULOD_VALUE: N/A
REVISION:R0
PROJECT_INFO: FRAPPE Summer 2014, Broomfield, CO
INSTRUMENT_INFO:Peroxide Chemical Ionization Mass Spectrometer (PCIMS)
PLATFORM:C-130 aircraft
R0:final data
UTC_start,UTC_stop,UTC_mid,H2O2_ppt,CH3OOH_ppt,HC(O)OH_ppt,CH3C(O)OH_ppt
 71696.0,  71756.0,  71726.0,  -99999,  -99999,  -99999,    1978
 71761.0,  71821.0,  71791.0,  -99999,  -99999,  -99999,    1657
 71826.0,  71886.0,  71856.0,  -99999,  -99999,  -99999,    2053
 71891.0,  71951.0,  71921.0,  -99999,  -99999,  -99999,    2390
 71956.0,  72016.0,  71986.0,  -99999,  -99999,  -99999,    2636
 72021.0,  72081.0,  72051.0,  -99999,  -99999,  -99999,    2679
 72086.0,  72146.0,  72116.0,  -99999,  -99999,  -99999,    3015
 72151.0,  72211.0,  72181.0,  -99999,  -99999,  -99999,    2941
 72216.0,  72276.0,  72246.0,  -99999,  -99999,  -99999,    2746
 72408.0,  72468.0,  72438.0,  -99999,  -99999,  -99999,    2346
 72472.0,  72533.0,  72502.5,  -99999,  -99999,  -99999,    2224
 72537.0,  72598.0,  72567.5,  -99999,  -99999,  -99999,    1862
 72726.0,  72786.0,  72756.0,    1432,  -99999,     619,    2183
 72791.0,  72851.0,  72821.0,    1374,  -99999,     646,    2302
 72856.0,  72916.0,  72886.0,    1270,  -99999,     648,    2342
 72921.0,  72965.0,  72943.0,    1405,  -99999,     638,    2263
 73168.0,  73228.0,  73198.0,    1529,  -99999,     598,    2169
 73233.0,  73293.0,  73263.0,    1448,  -99999,     632,    2322
 73298.0,  73358.0,  73328.0,    1415,  -99999,     579,    2300
 73363.0,  73423.0,  73393.0,    1694,  -99999,     532,    1965
 73428.0,  73488.0,  73458.0,    1580,  -99999,     635,    2316
 73493.0,  73553.0,  73523.0,    1672,  -99999,     720,    2974
 73558.0,  73618.0,  73588.0,    1698,  -99999,     717,    2357
 73623.0,  73683.0,  73653.0,    1690,  -99999,     768,    2064
 73847.0,  73907.0,  73877.0,    1789,  -99999,     812,    1775
 73912.0,  73972.0,  73942.0,    1662,  -99999,     878,    2092
 73977.0,  74037.0,  74007.0,    1651,  -99999,     882,    2096
 74165.0,  74226.0,  74195.5,    1604,  -99999,     930,    1910
 74230.0,  74291.0,  74260.5,    1663,  -99999,    1027,    1813
 74295.0,  74356.0,  74325.5,    1831,  -99999,    1098,    1943
 74360.0,  74404.0,  74382.0,    1462,  -99999,     911,    2566
 74565.0,  74625.0,  74595.0,    1506,  -99999,     674,    1967
 74630.0,  74690.0,  74660.0,    1551,  -99999,     663,    2044
 74695.0,  74755.0,  74725.0,    1439,  -99999,     667,    2064
 74887.0,  74947.0,  74917.0,    1575,  -99999,     595,    1909
 74952.0,  75012.0,  74982.0,    1601,  -99999,     608,    1963
 75017.0,  75077.0,  75047.0,    1656,  -99999,     593,    1897
 75081.0,  75122.0,  75101.5,    1766,  -99999,     525,    1829
 75286.0,  75347.0,  75316.5,    1869,  -99999,     429,    1195
 75351.0,  75412.0,  75381.5,    1472,  -99999,     255,     997
 75416.0,  75477.0,  75446.5,    1295,  -99999,     210,    1152
 75605.0,  75665.0,  75635.0,    1085,  -99999,     188,     947
 75670.0,  75730.0,  75700.0,    1086,  -99999,     219,    1132
 75734.0,  75795.0,  75764.5,    1118,  -99999,     231,     993
 75799.0,  75840.0,  75819.5,    1146,  -99999,     226,     926
 76007.0,  76068.0,  76037.5,     275,  -99999,      11,     322
 76072.0,  76133.0,  76102.5,     222,  -99999,      61,     353
 76137.0,  76198.0,  76167.5,     256,  -99999,     139,     432
 76326.0,  76386.0,  76356.0,     235,  -99999,     191,     410
 76391.0,  76451.0,  76421.0,     198,  -99999,     168,     393
 76456.0,  76516.0,  76486.0,     201,  -99999,     175,     448
 76521.0,  76562.0,  76541.5,     202,  -99999,     165,     430
 76725.0,  76786.0,  76755.5,     103,  -99999,     200,     569
 76790.0,  76851.0,  76820.5,     114,  -99999,     149,     578
 76855.0,  76916.0,  76885.5,     137,  -99999,     149,     602
 77047.0,  77108.0,  77077.5,     191,  -99999,     183,     619
 77112.0,  77173.0,  77142.5,     268,  -99999,     258,     589
 77177.0,  77238.0,  77207.5,     234,  -99999,     211,     612
 77242.0,  77286.0,  77264.0,     173,  -99999,     169,     646
 77447.0,  77507.0,  77477.0,     846,  -99999,     622,    1608
 77512.0,  77572.0,  77542.0,     987,  -99999,     423,    1546
 77577.0,  77637.0,  77607.0,    1180,  -99999,     359,    1552
 77765.0,  77826.0,  77795.5,    1021,  -99999,     179,    1300
 77830.0,  77891.0,  77860.5,    1140,  -99999,     241,    1500
 77895.0,  77956.0,  77925.5,    1109,  -99999,     292,    1587
 77960.0,  78004.0,  77982.0,    1308,  -99999,     257,    1602
 78165.0,  78225.0,  78195.0,    1524,  -99999,     428,    1836
 78230.0,  78290.0,  78260.0,    1240,  -99999,     384,    1734
 78295.0,  78355.0,  78325.0,    1223,  -99999,     341,    1503
 78486.0,  78547.0,  78516.5,     673,  -99999,     191,     611
 78551.0,  78612.0,  78581.5,     596,  -99999,     170,     481
 78616.0,  78677.0,  78646.5,     672,  -99999,     288,     589
 78681.0,  78722.0,  78701.5,     627,  -99999,     210,     577
 78886.0,  78947.0,  78916.5,     589,  -99999,     324,     484
 78951.0,  79012.0,  78981.5,     475,  -99999,      78,     221
 79016.0,  79077.0,  79046.5,     471,  -99999,      85,     238
 79205.0,  79265.0,  79235.0,     978,  -99999,     836,    1457
 79269.0,  79330.0,  79299.5,    1720,  -99999,    1091,    2378
 79334.0,  79395.0,  79364.5,    1721,  -99999,    1227,    2336
 79399.0,  79440.0,  79419.5,    1686,  -99999,    1111,    2546
 79607.0,  79668.0,  79637.5,    1932,  -99999,    1054,    2160
 79672.0,  79733.0,  79702.5,    1784,  -99999,     930,    1881
 79737.0,  79798.0,  79767.5,    1852,  -99999,    1036,    2050
 79926.0,  79986.0,  79956.0,    1640,  -99999,     744,    1719
 79991.0,  80051.0,  80021.0,    1653,  -99999,     664,    1644
 80056.0,  80116.0,  80086.0,    1450,  -99999,     711,    2178
 80121.0,  80162.0,  80141.5,    1428,  -99999,     712,    2182
 80325.0,  80386.0,  80355.5,    1503,  -99999,     839,    2299
 80390.0,  80451.0,  80420.5,    1575,  -99999,     803,    2345
 80455.0,  80516.0,  80485.5,    1609,  -99999,     997,    2625
 80647.0,  80708.0,  80677.5,    1639,  -99999,     583,    1967
 80712.0,  80773.0,  80742.5,    1558,  -99999,     834,    2759
 80777.0,  80838.0,  80807.5,    1564,  -99999,     605,    1989
 80842.0,  80886.0,  80864.0,    1487,  -99999,     779,    2601
 81047.0,  81107.0,  81077.0,    1688,  -99999,     899,    2533
 81112.0,  81172.0,  81142.0,    1547,  -99999,     759,    1962
 81177.0,  81237.0,  81207.0,    1464,  -99999,     810,    2249
 81365.0,  81426.0,  81395.5,    1589,  -99999,     647,    1547
 81430.0,  81491.0,  81460.5,    1521,  -99999,     591,    1610
 81495.0,  81556.0,  81525.5,    1638,  -99999,     552,    1059
 81560.0,  81604.0,  81582.0,    1679,  -99999,     617,    1434
 81765.0,  81825.0,  81795.0,    1800,  -99999,     818,    1678
 81830.0,  81890.0,  81860.0,    2073,  -99999,     933,    1818
 81895.0,  81955.0,  81925.0,    1992,  -99999,     861,    1762
 82087.0,  82147.0,  82117.0,    2080,  -99999,     825,    1610
 82152.0,  82212.0,  82182.0,    2047,  -99999,     809,    1484
 82216.0,  82277.0,  82246.5,    2038,  -99999,     812,    1356
 82281.0,  82322.0,  82301.5,    1797,  -99999,     918,    1519
 82486.0,  82547.0,  82516.5,    1932,  -99999,     971,    1456
 82551.0,  82612.0,  82581.5,    1785,  -99999,     961,    1565
 82616.0,  82677.0,  82646.5,    1823,  -99999,     802,    1462
 82805.0,  82865.0,  82835.0,    1507,  -99999,     790,    1789
 82870.0,  82930.0,  82900.0,    1592,  -99999,     782,    1858
 82935.0,  82995.0,  82965.0,    1618,  -99999,     754,    1828
 83000.0,  83040.0,  83020.0,    1521,  -99999,     863,    2057
 83207.0,  83268.0,  83237.5,    1472,  -99999,     779,    1722
 83272.0,  83333.0,  83302.5,    1504,  -99999,     670,    1747
 83337.0,  83398.0,  83367.5,    1770,  -99999,     319,     934
 83526.0,  83586.0,  83556.0,    1840,  -99999,     347,    1198
 83591.0,  83651.0,  83621.0,    1716,  -99999,     319,    1115
 83656.0,  83716.0,  83686.0,    1818,  -99999,     254,    1059
 83721.0,  83765.0,  83743.0,    1792,  -99999,     271,    1017
 83926.0,  83986.0,  83956.0,     587,  -99999,     -88,     182
 83991.0,  84051.0,  84021.0,     665,  -99999,     105,     318
 84055.0,  84116.0,  84085.5,     834,  -99999,     298,     655
 84247.0,  84308.0,  84277.5,     449,     280,      19,     151
 84312.0,  84373.0,  84342.5,     433,     324,       2,     129
 84377.0,  84438.0,  84407.5,     401,     388,      11,      93
 84442.0,  84486.0,  84464.0,     397,     462,       4,      81
 84647.0,  84707.0,  84677.0,     337,     445,     125,     267
 84712.0,  84772.0,  84742.0,     375,     562,     150,     425
 84777.0,  84837.0,  84807.0,     272,     565,      82,     400
 84965.0,  85026.0,  84995.5,     169,     587,      65,     436
 85030.0,  85091.0,  85060.5,     300,     670,      97,     396
 85095.0,  85156.0,  85125.5,     266,     638,      34,     367
 85160.0,  85204.0,  85182.0,     302,     569,      74,     343
 85365.0,  85425.0,  85395.0,     422,     549,     101,     442
 85430.0,  85490.0,  85460.0,     328,     501,     -57,     397
 85495.0,  85555.0,  85525.0,     324,     664,     -47,     538
 85686.0,  85747.0,  85716.5,    1601,     128,     392,    1272
 85751.0,  85812.0,  85781.5,    1655,     180,     452,    1258
 85816.0,  85877.0,  85846.5,    1657,     125,     440,    1383
 85881.0,  85922.0,  85901.5,    1583,     120,     523,    1503
 86086.0,  86147.0,  86116.5,    1493,     274,     563,    1450
 86151.0,  86212.0,  86181.5,    1266,      97,     446,    1157
 86216.0,  86277.0,  86246.5,    1057,     211,     340,     940
 86405.0,  86465.0,  86435.0,     516,     483,      55,     560
 86469.0,  86530.0,  86499.5,    1033,     314,     269,     815
 86534.0,  86595.0,  86564.5,     888,     333,     116,     546
 86599.0,  86640.0,  86619.5,    1058,     253,     283,     860
 86807.0,  86868.0,  86837.5,     954,     310,     486,     811
 86872.0,  86933.0,  86902.5,    1027,     188,     607,    1058
 86937.0,  86998.0,  86967.5,     728,     461,     400,     631
 87126.0,  87186.0,  87156.0,     163,     472,     -67,     317
 87191.0,  87251.0,  87221.0,     172,     477,     -59,     285
 87256.0,  87316.0,  87286.0,     185,     488,     -67,     307
 87321.0,  87365.0,  87343.0,     280,     511,      70,     365
 87526.0,  87586.0,  87556.0,     379,     495,      66,     386
 87590.0,  87651.0,  87620.5,     645,     433,      82,     366
 87655.0,  87716.0,  87685.5,     689,     414,      93,     453
 87847.0,  87908.0,  87877.5,     887,     293,     236,     832
 87912.0,  87973.0,  87942.5,    1152,     234,     305,     948
 87977.0,  88038.0,  88007.5,    1329,     310,     508,    1160
 88042.0,  88103.0,  88072.5,    1314,     407,     698,    1621
 88107.0,  88168.0,  88137.5,    1224,     171,     810,    2175
 88172.0,  88233.0,  88202.5,    1124,     166,     873,    2158
 88237.0,  88298.0,  88267.5,    1103,     146,     907,    2211
 88302.0,  88362.0,  88332.0,    1255,     331,     681,    1713
 88367.0,  88427.0,  88397.0,    1355,     513,     723,    1709
 88432.0,  88492.0,  88462.0,    1402,     542,     599,    1507
 88565.0,  88626.0,  88595.5,    1190,     276,     305,     921
 88630.0,  88691.0,  88660.5,    1137,     109,     225,     979
 88695.0,  88756.0,  88725.5,    1056,     118,     174,     723
 88760.0,  88804.0,  88782.0,     853,     200,    -118,     525
 88926.0,  88986.0,  88956.0,    1543,     540,     894,    1978
 88991.0,  89051.0,  89021.0,    1629,     225,     831,    1708
 89056.0,  89116.0,  89086.0,    1775,     601,     822,    1669
 89121.0,  89181.0,  89151.0,    1690,     751,     847,    1782
 89186.0,  89246.0,  89216.0,    1647,     616,     849,    1754
 89286.0,  89347.0,  89316.5,    1646,     677,     906,    1944
 89351.0,  89412.0,  89381.5,    1649,     747,     845,    1690
 89416.0,  89477.0,  89446.5,    1769,     820,     864,    1721
 89481.0,  89522.0,  89501.5,    1667,     816,    1051,    1881
 89676.0,  89737.0,  89706.5,    1840,     925,     764,    1455
 89741.0,  89802.0,  89771.5,    1758,     781,     686,    1437
 89806.0,  89867.0,  89836.5,    1671,    1047,     724,    1628
 90004.0,  90065.0,  90034.5,  -99999,  -99999,  -99999,    1829
 90069.0,  90130.0,  90099.5,  -99999,  -99999,  -99999,    1971
 90134.0,  90195.0,  90164.5,  -99999,  -99999,  -99999,    2200
 90258.0,  90318.0,  90288.0,  -99999,  -99999,  -99999,    2146
 90323.0,  90383.0,  90353.0,  -99999,  -99999,  -99999,    2159
 90388.0,  90448.0,  90418.0,  -99999,  -99999,  -99999,    1975
 90453.0,  90513.0,  90483.0,  -99999,  -99999,  -99999,    2486
 90518.0,  90578.0,  90548.0,  -99999,  -99999,  -99999,    2438
