FRAPPE-PCIMS_C130_20140731_R0_3sec.ict
41, 1001
Heikes, Brian G.
University of Rhode Island, bheikes@uri.edu
USNA PCIMS in-situ measurements from C-130 aircraft
FRAPPE 2014
1,1
2014,07,31,2015,01,09
0
UTC_start,seconds,start UTC time for the measurement period given in seconds from midnight day of takeoff
6
1,1,1,1,1,1
-99999.,-99999.,-99999.,-99999.,-99999.,-99999.
UTC_stop,seconds,stop UTC time for the measurement period given in seconds from midnight
UTC_mid,seconds,mid UTC time for the measurement period given in seconds from midnight
H2O2_ppt, volume_mixing_ratio_of_hydrogen_peroxide_in_air
CH3OOH_ppt, volume_mixing_ratio_of_methyl_hydroperoxide_in_air
HC(O)OH_ppt, volume_mixing_ratio_of_formic_acid_in_air
CH3C(O)OH_ppt, volume_mixing_ratio_of_acetic_acid_in_air
1
SPECIAL COMMENTS:N/A
20
PI_CONTACT_INFO:Brian G. Heikes, Graduate School of Oceanography, University of Rhode Island
PLATFORM: NCAR C-130
LOCATION: The aircraft was stationed in Broomfield, CO.
ASSOCIATED_DATA: N/A
INSTRUMENT_INFO: USNA PCIMS for gas phase measurements of [H2O2], [CH3OOH], [HC(O)OH], and [CH3C(O)OH]
DATA_INFO: Measurements reported in volume mixing ratio, ppt
DM_CONTACT_INFO: Brian H
STIPULATIONS_ON_USE: Use of these data require prior ok from PI.
OTHER_COMMENTS: Failure to comprehend "negative" values means you are a "modeler"
UNCERTAINTY: UTC_stop=N/A; UTC_mid=N/A; H2O2=30%; CH3OOH=30%; H2O2=30%; CH3OOH=30%;
LLOD_FLAG: N/A
LLOD_VALUE: N/A
ULOD_FLAG: N/A
ULOD_VALUE: N/A
REVISION:R0
PROJECT_INFO: FRAPPE Summer 2014, Broomfield, CO
INSTRUMENT_INFO:Peroxide Chemical Ionization Mass Spectrometer (PCIMS)
PLATFORM:C-130 aircraft
R0:final data
UTC_start,UTC_stop,UTC_mid,H2O2_ppt,CH3OOH_ppt,HC(O)OH_ppt,CH3C(O)OH_ppt
[from data line 1477]
 79207.1,  79210.0,  79208.5,     461,  -99999,      41,     279
 79210.1,  79213.0,  79211.5,     467,  -99999,      66,     242
 79213.1,  79216.0,  79214.5,     436,  -99999,      44,     173
 79216.1,  79219.0,  79217.5,     522,  -99999,     226,     538
 79220.1,  79223.0,  79221.5,     756,  -99999,     444,    1034
 79223.1,  79226.0,  79224.5,     863,  -99999,    1046,    1346
 79226.1,  79229.0,  79227.5,     758,  -99999,     948,    1607
 79229.1,  79232.0,  79230.5,     865,  -99999,     718,    1099
 79233.1,  79236.0,  79234.5,     973,  -99999,    1039,    1916
 79236.1,  79239.0,  79237.5,     978,  -99999,    1012,    2033
 79239.1,  79242.0,  79240.5,    1233,  -99999,    1108,    1952
 79242.1,  79245.0,  79243.5,    1236,  -99999,     760,    1618
 79246.1,  79249.0,  79247.5,    1346,  -99999,     732,    1894
 79249.1,  79252.0,  79250.5,    1454,  -99999,     953,    2187
 79252.1,  79255.0,  79253.5,    1465,  -99999,     948,    2118
 79255.1,  79258.0,  79256.5,    1731,  -99999,    1099,    2769
 79259.1,  79262.0,  79260.5,    1752,  -99999,     958,    1977
 79262.1,  79265.0,  79263.5,    1839,  -99999,     923,    2471
 79265.1,  79268.0,  79266.5,    1880,  -99999,     766,    2531
 79268.1,  79271.0,  79269.5,    2069,  -99999,     824,    2747
 79272.1,  79275.0,  79273.5,    1786,  -99999,     522,    1853
 79275.1,  79278.0,  79276.5,    2107,  -99999,     659,    2489
 79278.1,  79281.0,  79279.5,    1631,  -99999,     825,    2338
 79281.1,  79284.0,  79282.5,    1636,  -99999,     966,    1829
 79285.1,  79288.0,  79286.5,    1492,  -99999,    1034,    2127
 79288.1,  79291.0,  79289.5,    1640,  -99999,    1091,    2680
 79291.1,  79294.0,  79292.5,    1653,  -99999,     759,    2039
 79294.1,  79297.0,  79295.5,    1661,  -99999,     905,    2143
 79298.1,  79301.0,  79299.5,    1668,  -99999,    1133,    2067
 79301.1,  79304.0,  79302.5,    1556,  -99999,    1392,    2004
 79304.1,  79307.0,  79305.5,    1697,  -99999,    1206,    2812
 79307.1,  79310.0,  79308.5,    1530,  -99999,    1322,    2899
 79311.1,  79314.0,  79312.5,    1666,  -99999,    1296,    2903
 79314.1,  79317.0,  79315.5,    1852,  -99999,     794,    1877
 79317.1,  79320.0,  79318.5,    1815,  -99999,    1170,    2897
 79320.1,  79323.0,  79321.5,    1637,  -99999,     857,    2528
 79324.1,  79327.0,  79325.5,    1635,  -99999,    1178,    2743
 79327.1,  79330.0,  79328.5,    1802,  -99999,     811,    2240
 79330.1,  79333.0,  79331.5,    1499,  -99999,     808,    2300
 79333.1,  79336.0,  79334.5,    1678,  -99999,    1169,    2351
 79337.1,  79340.0,  79338.5,    1717,  -99999,    1125,    2092
 79340.1,  79343.0,  79341.5,    1776,  -99999,     893,    2123
 79343.1,  79346.0,  79344.5,    1881,  -99999,    1155,    1955
 79346.1,  79349.0,  79347.5,    1280,  -99999,     902,    1868
 79350.1,  79353.0,  79351.5,    1595,  -99999,    1110,    2541
 79353.1,  79356.0,  79354.5,    1732,  -99999,    1227,    2992
 79356.1,  79359.0,  79357.5,    1936,  -99999,    1087,    2620
 79359.1,  79362.0,  79360.5,    1728,  -99999,    1131,    2457
 79363.1,  79366.0,  79364.5,    1887,  -99999,    1282,    3039
 79366.1,  79369.0,  79367.5,    1944,  -99999,    1217,    1754
 79369.1,  79372.0,  79370.5,    1809,  -99999,    1085,    3041
 79372.1,  79375.0,  79373.5,    1890,  -99999,    1631,    2845
 79376.1,  79379.0,  79377.5,    1795,  -99999,    1087,    1724
 79379.1,  79382.0,  79380.5,    1865,  -99999,    1510,    2581
 79382.1,  79385.0,  79383.5,    1645,  -99999,     944,    1780
 79385.1,  79388.0,  79386.5,    1630,  -99999,    1083,    1959
 79389.1,  79392.0,  79390.5,    1506,  -99999,    1246,    2872
 79392.1,  79395.0,  79393.5,    1396,  -99999,    1232,    1857
 79395.1,  79398.0,  79396.5,    1690,  -99999,     833,    2233
 79398.1,  79401.0,  79399.5,    1840,  -99999,     855,    2005
 79402.1,  79405.0,  79403.5,    1444,  -99999,     990,    2232
 79405.1,  79408.0,  79406.5,    1741,  -99999,    1148,    2686
 79408.1,  79411.0,  79409.5,    1678,  -99999,     896,    2582
 79411.1,  79414.0,  79412.5,    1757,  -99999,    1178,    2468
 79415.1,  79418.0,  79416.5,    1633,  -99999,    1212,    2492
 79418.1,  79421.0,  79419.5,    1823,  -99999,    1016,    2527
 79421.1,  79424.0,  79422.5,    1626,  -99999,    1129,    2402
 79424.1,  79427.0,  79425.5,    1736,  -99999,    1043,    2699
 79428.1,  79431.0,  79429.5,    1724,  -99999,    1073,    2809
 79431.1,  79434.0,  79432.5,    1537,  -99999,     995,    2644
 79434.1,  79437.0,  79435.5,    1651,  -99999,    1002,    2762
 79437.1,  79440.0,  79438.5,    1753,  -99999,    1206,    2641
 79606.1,  79609.0,  79607.5,    1960,  -99999,    1180,    1779
 79610.1,  79613.0,  79611.5,    1957,  -99999,    1143,    1691
 79613.1,  79616.0,  79614.5,    2017,  -99999,     998,    1757
 79616.1,  79619.0,  79617.5,    1747,  -99999,     855,    1641
 79619.1,  79622.0,  79620.5,    1858,  -99999,    1372,    1963
 79623.1,  79626.0,  79624.5,    2190,  -99999,     798,    2739
 79626.1,  79629.0,  79627.5,    2158,  -99999,    1111,    2137
 79629.1,  79632.0,  79630.5,    1879,  -99999,    1086,    2275
 79632.1,  79635.0,  79633.5,    1741,  -99999,     956,    2514
 79636.1,  79639.0,  79637.5,    1871,  -99999,    1011,    2001
 79639.1,  79642.0,  79640.5,    1770,  -99999,    1028,    2277
 79642.1,  79645.0,  79643.5,    1859,  -99999,    1298,    2665
 79645.1,  79648.0,  79646.5,    2313,  -99999,    1252,    2402
 79649.1,  79652.0,  79650.5,    1872,  -99999,     949,    2099
 79652.1,  79655.0,  79653.5,    1753,  -99999,     973,    2004
 79655.1,  79658.0,  79656.5,    1882,  -99999,    1021,    2453
 79658.1,  79661.0,  79659.5,    1776,  -99999,     980,    2240
 79662.1,  79665.0,  79663.5,    2071,  -99999,    1056,    2193
 79665.1,  79668.0,  79666.5,    1955,  -99999,    1025,    2341
 79668.1,  79671.0,  79669.5,    1848,  -99999,    1065,    2203
 79671.1,  79674.0,  79672.5,    1913,  -99999,    1013,    2230
 79675.1,  79678.0,  79676.5,    1983,  -99999,     979,    1859
 79678.1,  79681.0,  79679.5,    1733,  -99999,     949,    1716
 79681.1,  79684.0,  79682.5,    1625,  -99999,    1076,    1942
 79684.1,  79687.0,  79685.5,    1716,  -99999,     856,    1944
 79688.1,  79691.0,  79689.5,    1718,  -99999,     852,    1475
 79691.1,  79694.0,  79692.5,    1794,  -99999,    1133,    1403
 79694.1,  79697.0,  79695.5,    1835,  -99999,    1001,    1505
 79697.1,  79700.0,  79698.5,    1759,  -99999,     996,    2037
 79701.1,  79704.0,  79702.5,    1698,  -99999,     742,    1597
 79704.1,  79707.0,  79705.5,    1752,  -99999,     906,    2109
 79707.1,  79710.0,  79708.5,    1678,  -99999,    1140,    1991
 79710.1,  79713.0,  79711.5,    1788,  -99999,    1022,    2320
 79714.1,  79717.0,  79715.5,    1873,  -99999,     676,    2136
 79717.1,  79720.0,  79718.5,    1833,  -99999,     990,    2138
 79720.1,  79723.0,  79721.5,    1827,  -99999,     866,    1752
 79723.1,  79726.0,  79724.5,    1801,  -99999,     953,    1731
 79727.1,  79730.0,  79728.5,    1775,  -99999,    1040,    2078
 79730.1,  79733.0,  79731.5,    1771,  -99999,     988,    1792
 79733.1,  79736.0,  79734.5,    1938,  -99999,    1207,    1754
 79736.1,  79739.0,  79737.5,    1879,  -99999,     983,    1879
 79740.1,  79743.0,  79741.5,    1934,  -99999,     962,    1838
 79743.1,  79746.0,  79744.5,    1866,  -99999,    1252,    2344
 79746.1,  79749.0,  79747.5,    1860,  -99999,    1119,    1918
 79749.1,  79752.0,  79750.5,    1827,  -99999,     861,    1773
 79753.1,  79756.0,  79754.5,    2034,  -99999,     976,    1675
 79756.1,  79759.0,  79757.5,    1774,  -99999,    1128,    2283
 79759.1,  79762.0,  79760.5,    1860,  -99999,    1022,    2225
 79762.1,  79765.0,  79763.5,    2060,  -99999,    1099,    2472
 79766.1,  79769.0,  79767.5,    1999,  -99999,    1131,    1837
 79769.1,  79772.0,  79770.5,    1916,  -99999,    1094,    2077
 79772.1,  79775.0,  79773.5,    1841,  -99999,    1104,    2141
 79775.1,  79778.0,  79776.5,    1822,  -99999,    1003,    1798
 79779.1,  79782.0,  79780.5,    2105,  -99999,    1098,    1831
 79782.1,  79785.0,  79783.5,    1686,  -99999,    1167,    2541
 79785.1,  79788.0,  79786.5,    1633,  -99999,    1008,    2120
 79788.1,  79791.0,  79789.5,    1688,  -99999,     891,    2085
 79792.1,  79795.0,  79793.5,    1883,  -99999,     938,    2036
 79795.1,  79798.0,  79796.5,    1637,  -99999,     777,    2085
 79798.1,  79801.0,  79799.5,    1829,  -99999,     802,    2314
 79801.1,  79804.0,  79802.5,    1777,  -99999,     995,    2188
 79925.1,  79928.0,  79926.5,    1407,  -99999,     785,    1123
 79928.1,  79931.0,  79929.5,    1615,  -99999,     919,    1835
 79931.1,  79934.0,  79932.5,    1645,  -99999,     695,    1481
 79934.1,  79937.0,  79935.5,    1481,  -99999,     644,    1375
 79938.1,  79941.0,  79939.5,    1362,  -99999,     773,    1646
 79941.1,  79944.0,  79942.5,    1884,  -99999,     861,    2116
 79944.1,  79947.0,  79945.5,    1793,  -99999,     855,    1601
 79947.1,  79950.0,  79948.5,    1538,  -99999,     841,    1566
 79951.1,  79954.0,  79952.5,    1557,  -99999,     832,    1830
 79954.1,  79957.0,  79955.5,    1571,  -99999,     667,    1549
 79957.1,  79960.0,  79958.5,    1559,  -99999,     895,    1234
 79960.1,  79963.0,  79961.5,    1622,  -99999,     915,    2011
 79964.1,  79967.0,  79965.5,    1520,  -99999,     735,    2019
 79967.1,  79970.0,  79968.5,    1402,  -99999,     660,    1469
 79970.1,  79973.0,  79971.5,    1931,  -99999,     737,    2000
 79973.1,  79976.0,  79974.5,    2124,  -99999,     565,    1821
 79977.1,  79980.0,  79978.5,    1656,  -99999,     773,    2027
 79980.1,  79983.0,  79981.5,    1609,  -99999,     900,    2106
 79983.1,  79986.0,  79984.5,    1888,  -99999,     638,    1856
 79986.1,  79989.0,  79987.5,    1704,  -99999,     572,    1775
 79990.1,  79993.0,  79991.5,    1587,  -99999,     799,    1846
 79993.1,  79996.0,  79994.5,    1376,  -99999,     536,    1531
 79996.1,  79999.0,  79997.5,    1729,  -99999,     636,    1237
 79999.1,  80002.0,  80000.5,    1655,  -99999,     822,    1447
 80003.1,  80006.0,  80004.5,    1451,  -99999,     469,    1042
 80006.1,  80009.0,  80007.5,    1518,  -99999,     719,    1070
 80009.1,  80012.0,  80010.5,    1696,  -99999,     979,    1708
 80012.1,  80015.0,  80013.5,    1364,  -99999,     660,     948
 80016.1,  80019.0,  80017.5,    1511,  -99999,     828,    1101
 80019.1,  80022.0,  80020.5,    1410,  -99999,     866,    2242
 80022.1,  80025.0,  80023.5,    1619,  -99999,     782,    1822
 80025.1,  80028.0,  80026.5,    1777,  -99999,     613,    1766
 80029.1,  80032.0,  80030.5,    1555,  -99999,     659,    1846
 80032.1,  80035.0,  80033.5,    1739,  -99999,     879,    2251
 80035.1,  80038.0,  80036.5,    2086,  -99999,     428,    1348
 80038.1,  80041.0,  80039.5,    1333,  -99999,     611,    1533
 80042.1,  80045.0,  80043.5,    1661,  -99999,     683,    2683
 80045.1,  80048.0,  80046.5,    2088,  -99999,     785,    2226
 80048.1,  80051.0,  80049.5,    1822,  -99999,     560,    1617
 80051.1,  80054.0,  80052.5,    1562,  -99999,     660,    1385
 80055.1,  80058.0,  80056.5,    1618,  -99999,     754,    1916
 80058.1,  80061.0,  80059.5,    1394,  -99999,     694,    1887
 80061.1,  80064.0,  80062.5,    1835,  -99999,     664,    2161
 80064.1,  80067.0,  80065.5,    1425,  -99999,     587,    1805
 80068.1,  80071.0,  80069.5,    1348,  -99999,     973,    2559
 80071.1,  80074.0,  80072.5,    1527,  -99999,     673,    2525
 80074.1,  80077.0,  80075.5,    1559,  -99999,     776,    3122
 80077.1,  80080.0,  80078.5,    1405,  -99999,     767,    1789
 80081.1,  80084.0,  80082.5,    1654,  -99999,     612,    2511
 80084.1,  80087.0,  80085.5,    1136,  -99999,     570,    1764
 80087.1,  80090.0,  80088.5,    1412,  -99999,     643,    2828
 80090.1,  80093.0,  80091.5,    1598,  -99999,     655,    2240
 80094.1,  80097.0,  80095.5,    1537,  -99999,     715,    2280
 80097.1,  80100.0,  80098.5,    1307,  -99999,     719,    2288
 80100.1,  80103.0,  80101.5,    1342,  -99999,     654,    1903
 80103.1,  80106.0,  80104.5,    1325,  -99999,     716,    2086
 80107.1,  80110.0,  80108.5,    1275,  -99999,     650,    1827
 80110.1,  80113.0,  80111.5,    1443,  -99999,     825,    2069
 80113.1,  80116.0,  80114.5,    1340,  -99999,     591,    1864
 80116.1,  80119.0,  80117.5,    1339,  -99999,     915,    2377
 80120.1,  80123.0,  80121.5,    1382,  -99999,     745,    2403
 80123.1,  80126.0,  80124.5,    1393,  -99999,     663,    1947
 80126.1,  80129.0,  80127.5,    1392,  -99999,     707,    1925
 80129.1,  80132.0,  80130.5,    1648,  -99999,     733,    2048
 80133.1,  80136.0,  80134.5,    1632,  -99999,     624,    2215
 80136.1,  80139.0,  80137.5,    1523,  -99999,     693,    2484
 80139.1,  80142.0,  80140.5,    1359,  -99999,     612,    2443
 80142.1,  80145.0,  80143.5,    1369,  -99999,     657,    2428
 80146.1,  80149.0,  80147.5,    1403,  -99999,     453,    1463
 80149.1,  80152.0,  80150.5,    1594,  -99999,     565,    1742
 80152.1,  80155.0,  80153.5,    1477,  -99999,     655,    2652
 80155.1,  80158.0,  80156.5,    1550,  -99999,     749,    2721
 80159.1,  80162.0,  80160.5,    1313,  -99999,     756,    1934
 80324.1,  80327.0,  80325.5,    1556,  -99999,     911,    3063
 80328.1,  80331.0,  80329.5,    1645,  -99999,     743,    2068
 80331.1,  80334.0,  80332.5,    1707,  -99999,     926,    2382
 80334.1,  80337.0,  80335.5,    1522,  -99999,     889,    2789
 80337.1,  80340.0,  80338.5,    1706,  -99999,     861,    2629
 80341.1,  80344.0,  80342.5,    1439,  -99999,     943,    2530
 80344.1,  80347.0,  80345.5,    1519,  -99999,     876,    2590
 80347.1,  80350.0,  80348.5,    1629,  -99999,     723,    2562
 80350.1,  80353.0,  80351.5,    1425,  -99999,     923,    2173
 80354.1,  80357.0,  80355.5,    1515,  -99999,     825,    1761
 80357.1,  80360.0,  80358.5,    1389,  -99999,     745,    1788
 80360.1,  80363.0,  80361.5,    1506,  -99999,     764,    1889
 80363.1,  80366.0,  80364.5,    1454,  -99999,    1054,    2312
 80367.1,  80370.0,  80368.5,    1396,  -99999,     958,    1738
 80370.1,  80373.0,  80371.5,    1187,  -99999,     778,    1993
 80373.1,  80376.0,  80374.5,    1511,  -99999,    1051,    2428
 80376.1,  80379.0,  80377.5,    1595,  -99999,     573,    2111
 80380.1,  80383.0,  80381.5,    1448,  -99999,     615,    2233
 80383.1,  80386.0,  80384.5,    1339,  -99999,     787,    2700
 80386.1,  80389.0,  80387.5,    1505,  -99999,     715,    1715
 80389.1,  80392.0,  80390.5,    1448,  -99999,     658,    2813
 80393.1,  80396.0,  80394.5,    1515,  -99999,     689,    2603
 80396.1,  80399.0,  80397.5,    1691,  -99999,     587,    2427
 80399.1,  80402.0,  80400.5,    1703,  -99999,    1053,    3205
 80402.1,  80405.0,  80403.5,    1877,  -99999,     662,    1971
 80406.1,  80409.0,  80407.5,    1631,  -99999,    1067,    2274
 80409.1,  80412.0,  80410.5,    1602,  -99999,     827,    2588
 80412.1,  80415.0,  80413.5,    1484,  -99999,     931,    1894
 80415.1,  80418.0,  80416.5,    1593,  -99999,     803,    1970
 80419.1,  80422.0,  80420.5,    1735,  -99999,     591,    2132
 80422.1,  80425.0,  80423.5,    1345,  -99999,     491,    1596
 80425.1,  80428.0,  80426.5,    1410,  -99999,     892,    2340
 80428.1,  80431.0,  80429.5,    1465,  -99999,     811,    2299
 80432.1,  80435.0,  80433.5,    1660,  -99999,     658,    2127
 80435.1,  80438.0,  80436.5,    1438,  -99999,     850,    2137
 80438.1,  80441.0,  80439.5,    1451,  -99999,     815,    2137
 80441.1,  80444.0,  80442.5,    1672,  -99999,    1032,    2506
 80445.1,  80448.0,  80446.5,    1579,  -99999,     993,    2966
 80448.1,  80451.0,  80449.5,    1675,  -99999,     920,    2540
 80451.1,  80454.0,  80452.5,    1519,  -99999,    1002,    3035
