FRAPPE-CAPSPMEX_C130_20140731_R0.ict
34, 1001
Bahreini, Roya
UC- Riverside
Cavity Attenuated Phase Shift Particle Extinction Monitor (CAPS-PMex 632nm) Instrument- C130 
FRAPPE
1, 1
2014, 07, 31, 2014, 12, 26
1
RafTimeWave,UTC
1
1
-9999
ext632nm,perMm
1
N/A
18
PI_CONTACT_INFO: Phone: 951-827-4506; Address: UC- Riverside, Dept. of Environmental Sciences, 900 University Ave., Riverside, CA 92521 
PLATFORM: NSF C-130 aircraft 
LOCATION: The aircraft was stationed in Jeffco, Broomfield, Co. Location data is in AircraftPos file.
ASSOCIATED_DATA: N/A
INSTRUMENT_INFO: Massoli, P.,et al. (2012), Aerosol Sci. Technol., 44, doi:10.1080/02786821003716599
DATA_INFO: Units: Realtime 1 Hz data; units: Mm^-1
UNCERTAINTY: 3%; Detection limit at 1 Hz: 3 Mm^-1 (data lower than detection limit are kept to avoid introducing a bias in the average)
ULOD_FLAG: -7777
ULOD_VALUE: N/A
LLOD_FLAG: -8888
LLOD_VALUE: N/A
DM_CONTACT_INFO: Contact PI (roya.bahreini@ucr.edu)
PROJECT_INFO: FRAPPE ; July 16- August 17, 2014
STIPULATIONS_ON_USE: Use of these data require prior ok from PI.
OTHER_COMMENTS: N/A
REVISION: R0
R0: Final Data; Data are reported at STP (1013 hPa and 273 K) whereas RA data were reported at detector conditions; Timestamp is based on RAF time feed and any delay due to residence time in the inlet (< 1 s) is not taken into account; data sampling in clouds have not been removed.
RafTimeWave, ext632nm
[from data line 13516]
80550.0, -9999.00
80551.0, -9999.00
80552.0, -9999.00
80553.0, -9999.00
80554.0, -9999.00
80555.0, -9999.00
80556.0, -9999.00
80557.0, -9999.00
80558.0, -9999.00
80559.0, -9999.00
80560.0, -9999.00
80561.0, -9999.00
80562.0, -9999.00
80563.0, -9999.00
80564.0, -9999.00
80565.0, -9999.00
80566.0, -9999.00
80567.0, -9999.00
80568.0, -9999.00
80569.0, -9999.00
80570.0, -9999.00
80571.0, -9999.00
80572.0, -9999.00
80573.0, -9999.00
80574.0, -9999.00
80575.0, -9999.00
80576.0, 19.08
80577.0, -9999.00
80578.0, 18.37
80579.0, 18.92
80580.0, 19.77
80581.0, 17.61
80582.0, 19.51
80583.0, 20.25
80584.0, 20.49
80585.0, 19.97
80586.0, 20.85
80587.0, 18.79
80588.0, 17.88
80589.0, 16.40
80590.0, 16.50
80591.0, 16.52
80592.0, 17.63
80593.0, 15.71
80594.0, 17.36
80595.0, 17.71
80596.0, 16.43
80597.0, 15.33
80598.0, 15.14
80599.0, 14.50
80600.0, 15.43
80601.0, 16.69
80602.0, 20.65
80603.0, 20.88
80604.0, 19.13
80605.0, 16.79
80606.0, 14.78
80607.0, 11.90
80608.0, 9.52
80609.0, 9.38
80610.0, 10.71
80611.0, 13.86
80612.0, 13.91
80613.0, 15.15
80614.0, 16.01
80615.0, 20.38
80616.0, 18.48
80617.0, 16.33
80618.0, 15.25
80619.0, 15.54
80620.0, 17.73
80621.0, 18.68
80622.0, 14.17
80623.0, 11.19
80624.0, 10.08
80625.0, 11.25
80626.0, 9.99
80627.0, 8.54
80628.0, 6.99
80629.0, 7.78
80630.0, 5.94
80631.0, 7.49
80632.0, 7.30
80633.0, 9.04
80634.0, 10.73
80635.0, 9.25
80636.0, 7.44
80637.0, 6.88
80638.0, 7.55
80639.0, 6.97
80640.0, 5.29
80641.0, 6.90
80642.0, 10.26
80643.0, 10.65
80644.0, 10.38
80645.0, 10.83
80646.0, 11.92
80647.0, 13.03
80648.0, 15.87
80649.0, 14.93
80650.0, 15.18
80651.0, 13.16
80652.0, 12.86
80653.0, 10.44
80654.0, 9.21
80655.0, 8.01
80656.0, 5.51
80657.0, 6.47
80658.0, 8.14
80659.0, 8.51
80660.0, 10.38
80661.0, 10.44
80662.0, 9.77
80663.0, 8.48
80664.0, 7.51
80665.0, 7.80
80666.0, 8.56
80667.0, 8.64
80668.0, 10.36
80669.0, 9.85
80670.0, 10.09
80671.0, 10.41
80672.0, 11.73
80673.0, 10.40
80674.0, 10.04
80675.0, 11.01
80676.0, 8.62
80677.0, 7.70
80678.0, 8.55
80679.0, 9.40
80680.0, 11.02
80681.0, 12.27
80682.0, 11.35
80683.0, 10.13
80684.0, 7.02
80685.0, 7.22
80686.0, 5.31
80687.0, 4.65
80688.0, 5.82
80689.0, 4.41
80690.0, 5.03
80691.0, 7.84
80692.0, 9.23
80693.0, 8.23
80694.0, 8.16
80695.0, 6.58
80696.0, 4.97
80697.0, 5.44
80698.0, 5.23
80699.0, 4.59
80700.0, 5.17
80701.0, 3.42
80702.0, 5.95
80703.0, 8.22
80704.0, 9.04
80705.0, 9.85
80706.0, 9.46
80707.0, 10.53
80708.0, 12.17
80709.0, 12.45
80710.0, 11.40
80711.0, 11.33
80712.0, 14.62
80713.0, 16.97
80714.0, 17.45
80715.0, 18.36
80716.0, 18.40
80717.0, 18.80
80718.0, 17.66
80719.0, 19.29
80720.0, 18.70
80721.0, 20.01
80722.0, 19.69
80723.0, 17.92
80724.0, 17.73
80725.0, 19.41
80726.0, 17.33
80727.0, 15.83
80728.0, 15.12
80729.0, 15.99
80730.0, 15.71
80731.0, 17.98
80732.0, 17.43
80733.0, 14.96
80734.0, 13.48
80735.0, 13.52
80736.0, 14.52
80737.0, 15.75
80738.0, 15.23
80739.0, 14.91
80740.0, 16.36
80741.0, 19.63
80742.0, 19.09
80743.0, 19.60
80744.0, 15.24
80745.0, 11.72
80746.0, 10.17
80747.0, 13.37
80748.0, 15.62
80749.0, 16.03
80750.0, 15.14
80751.0, 16.20
80752.0, 16.29
80753.0, 15.85
80754.0, 14.70
80755.0, 15.83
80756.0, 16.91
80757.0, 16.26
80758.0, 14.74
80759.0, 15.77
80760.0, 11.75
80761.0, 12.12
80762.0, 13.28
80763.0, 18.71
80764.0, 20.75
80765.0, 19.44
80766.0, 19.52
80767.0, 18.24
80768.0, 16.79
80769.0, 10.23
80770.0, 8.15
80771.0, 7.22
80772.0, 8.36
80773.0, 11.14
80774.0, 15.72
80775.0, 17.61
80776.0, 18.37
80777.0, 17.04
80778.0, 16.74
80779.0, 17.90
80780.0, 21.05
80781.0, 20.63
80782.0, 18.02
80783.0, 16.11
80784.0, 15.74
80785.0, 15.15
80786.0, 13.48
80787.0, -9999.00
80788.0, -9999.00
80789.0, -9999.00
80790.0, -9999.00
80791.0, -9999.00
80792.0, -9999.00
80793.0, -9999.00
80794.0, -9999.00
80795.0, -9999.00
80796.0, -9999.00
80797.0, -9999.00
80798.0, -9999.00
80799.0, -9999.00
80800.0, -9999.00
80801.0, -9999.00
80802.0, -9999.00
80803.0, -9999.00
80804.0, -9999.00
80805.0, -9999.00
80806.0, -9999.00
80807.0, -9999.00
80808.0, -9999.00
80809.0, -9999.00
80810.0, -9999.00
80811.0, -9999.00
80812.0, -9999.00
80813.0, -9999.00
80814.0, -9999.00
80815.0, -9999.00
80816.0, -9999.00
80817.0, -9999.00
80818.0, -9999.00
80819.0, -9999.00
80820.0, -9999.00
80821.0, -9999.00
80822.0, -9999.00
80823.0, -9999.00
80824.0, -9999.00
80825.0, -9999.00
80826.0, -9999.00
80827.0, -9999.00
80828.0, -9999.00
80829.0, -9999.00
80830.0, -9999.00
80831.0, -9999.00
80832.0, -9999.00
80833.0, -9999.00
80834.0, -9999.00
80835.0, -9999.00
80836.0, -9999.00
80837.0, -9999.00
80838.0, -9999.00
80839.0, -9999.00
80840.0, -9999.00
80841.0, -9999.00
80842.0, -9999.00
80843.0, -9999.00
80844.0, -9999.00
80845.0, -9999.00
80846.0, -9999.00
80847.0, -9999.00
80848.0, -9999.00
80849.0, -9999.00
80850.0, -9999.00
80851.0, -9999.00
80852.0, -9999.00
80853.0, -9999.00
80854.0, -9999.00
80855.0, -9999.00
80856.0, -9999.00
80857.0, -9999.00
80858.0, -9999.00
80859.0, -9999.00
80860.0, -9999.00
80861.0, -9999.00
80862.0, -9999.00
80863.0, -9999.00
80864.0, -9999.00
80865.0, -9999.00
80866.0, -9999.00
80867.0, -9999.00
80868.0, -9999.00
80869.0, -9999.00
80870.0, -9999.00
80871.0, -9999.00
80872.0, -9999.00
80873.0, -9999.00
80874.0, -9999.00
80875.0, -9999.00
80876.0, 15.26
80877.0, -9999.00
80878.0, 13.38
80879.0, 11.84
80880.0, 11.34
80881.0, 11.95
80882.0, 14.88
80883.0, 15.52
80884.0, 16.33
80885.0, 13.92
80886.0, 14.70
80887.0, 14.70
80888.0, 15.46
80889.0, 14.70
80890.0, 14.98
80891.0, 13.44
80892.0, 16.56
80893.0, 16.13
80894.0, 15.36
80895.0, 15.40
80896.0, 16.21
80897.0, 15.87
80898.0, 13.34
80899.0, 14.44
80900.0, 15.97
80901.0, 15.69
80902.0, 17.32
80903.0, 18.92
80904.0, 18.88
80905.0, 20.41
80906.0, 16.52
80907.0, 17.49
80908.0, 18.38
80909.0, 15.88
80910.0, 14.35
80911.0, 15.84
80912.0, 15.62
80913.0, 14.20
80914.0, 11.22
80915.0, 11.89
80916.0, 13.32
80917.0, 14.71
80918.0, 15.25
80919.0, 15.06
80920.0, 14.88
80921.0, 16.28
80922.0, 17.61
80923.0, 17.48
80924.0, 15.78
80925.0, 16.83
80926.0, 16.28
80927.0, 14.30
80928.0, 13.59
80929.0, 14.90
80930.0, 16.70
80931.0, 18.93
80932.0, 17.03
80933.0, 16.13
80934.0, 15.69
80935.0, 17.06
80936.0, 17.92
80937.0, 17.13
80938.0, 17.01
80939.0, 17.96
80940.0, 17.61
80941.0, 17.96
80942.0, 18.51
80943.0, 16.74
80944.0, 13.89
80945.0, 13.22
80946.0, 15.01
80947.0, 17.38
80948.0, 20.64
80949.0, 20.75
80950.0, 17.91
80951.0, 17.15
80952.0, 14.28
80953.0, 13.91
80954.0, 15.57
80955.0, 19.41
80956.0, 20.51
80957.0, 20.53
80958.0, 18.16
80959.0, 19.02
80960.0, 17.16
80961.0, 18.09
80962.0, 15.76
80963.0, 15.43
80964.0, 15.01
80965.0, 17.66
80966.0, -9999.00
80967.0, -9999.00
80968.0, 16.53
80969.0, 14.86
80970.0, 13.80
80971.0, 16.43
80972.0, 17.09
80973.0, 17.54
80974.0, 19.02
80975.0, 23.08
80976.0, 19.88
80977.0, 16.48
80978.0, 15.05
80979.0, 16.83
80980.0, 16.99
80981.0, 16.51
80982.0, 14.95
80983.0, 17.33
80984.0, 18.41
80985.0, 17.61
80986.0, 16.70
80987.0, 17.60
80988.0, 17.57
80989.0, 17.38
80990.0, 17.61
80991.0, 18.05
80992.0, 18.86
80993.0, 17.88
80994.0, 16.97
80995.0, 16.94
80996.0, 17.29
80997.0, 16.50
80998.0, 16.03
80999.0, 13.47
81000.0, 15.09
81001.0, 18.60
81002.0, 19.63
81003.0, 17.31
81004.0, 17.08
81005.0, 15.51
81006.0, 16.81
81007.0, 17.99
81008.0, 15.99
81009.0, 14.25
81010.0, 19.33
81011.0, 20.54
81012.0, 17.78
81013.0, 15.44
81014.0, 16.65
81015.0, 15.69
81016.0, 39.09
81017.0, 45.35
81018.0, 28.47
81019.0, 16.78
81020.0, 17.05
81021.0, 17.48
81022.0, 17.18
81023.0, 18.48
81024.0, 19.94
81025.0, 21.60
81026.0, 15.04
81027.0, 13.96
81028.0, 14.04
81029.0, 15.98
81030.0, 14.14
81031.0, 14.47
81032.0, 13.85
81033.0, 15.48
81034.0, 16.17
81035.0, 15.32
81036.0, 15.03
81037.0, 16.23
81038.0, 16.81
81039.0, 17.72
81040.0, 15.82
81041.0, 13.57
81042.0, 13.91
81043.0, 15.03
81044.0, 15.00
81045.0, 16.58
81046.0, 17.69
81047.0, 15.82
81048.0, 16.66
81049.0, 18.46
81050.0, 14.93
81051.0, 12.94
81052.0, 13.68
81053.0, 15.50
81054.0, 13.32
81055.0, 12.88
81056.0, 13.07
81057.0, 13.79
81058.0, 12.79
81059.0, 12.13
81060.0, 13.47
81061.0, 19.22
81062.0, 20.99
81063.0, 18.24
81064.0, 15.63
81065.0, 16.96
81066.0, 14.10
81067.0, 13.86
81068.0, 15.79
81069.0, 15.66
81070.0, 15.20
81071.0, 16.96
81072.0, 16.00
81073.0, 14.89
81074.0, 14.47
81075.0, 15.89
81076.0, 16.88
81077.0, 16.10
81078.0, 15.11
81079.0, 15.38
81080.0, 13.31
81081.0, 13.06
81082.0, 13.79
81083.0, 13.71
81084.0, 14.90
81085.0, 14.43
81086.0, 12.29
81087.0, -9999.00
81088.0, -9999.00
81089.0, -9999.00
81090.0, -9999.00
81091.0, -9999.00
81092.0, -9999.00
81093.0, -9999.00
81094.0, -9999.00
81095.0, -9999.00
81096.0, -9999.00
81097.0, -9999.00
81098.0, -9999.00
81099.0, -9999.00
81100.0, -9999.00
81101.0, -9999.00
81102.0, -9999.00
81103.0, -9999.00
81104.0, -9999.00
81105.0, -9999.00
81106.0, -9999.00
81107.0, -9999.00
81108.0, -9999.00
81109.0, -9999.00
81110.0, -9999.00
81111.0, -9999.00
81112.0, -9999.00
81113.0, -9999.00
81114.0, -9999.00
81115.0, -9999.00
81116.0, -9999.00
81117.0, -9999.00
81118.0, -9999.00
81119.0, -9999.00
81120.0, -9999.00
81121.0, -9999.00
81122.0, -9999.00
81123.0, -9999.00
81124.0, -9999.00
81125.0, -9999.00
81126.0, -9999.00
81127.0, -9999.00
81128.0, -9999.00
81129.0, -9999.00
81130.0, -9999.00
81131.0, -9999.00
81132.0, -9999.00
81133.0, -9999.00
81134.0, -9999.00
81135.0, -9999.00
81136.0, -9999.00
81137.0, -9999.00
81138.0, -9999.00
81139.0, -9999.00
81140.0, -9999.00
81141.0, -9999.00
81142.0, -9999.00
81143.0, -9999.00
81144.0, -9999.00
81145.0, -9999.00
81146.0, -9999.00
81147.0, -9999.00
81148.0, -9999.00
81149.0, -9999.00
81150.0, -9999.00
81151.0, -9999.00
81152.0, -9999.00
81153.0, -9999.00
81154.0, -9999.00
81155.0, -9999.00
81156.0, -9999.00
81157.0, -9999.00
81158.0, -9999.00
81159.0, -9999.00
81160.0, -9999.00
81161.0, -9999.00
81162.0, -9999.00
81163.0, -9999.00
81164.0, -9999.00
81165.0, -9999.00
81166.0, -9999.00
81167.0, -9999.00
81168.0, -9999.00
81169.0, -9999.00
81170.0, -9999.00
81171.0, -9999.00
81172.0, -9999.00
81173.0, -9999.00
81174.0, -9999.00
81175.0, -9999.00
81176.0, 6.00
81177.0, -9999.00
81178.0, 8.51
81179.0, 9.73
81180.0, 7.42
81181.0, 7.44
81182.0, 7.14
81183.0, 7.34
81184.0, 5.20
81185.0, 6.57
81186.0, 7.62
81187.0, 7.71
81188.0, 7.05
81189.0, 4.80
81190.0, 7.19
81191.0, 8.52
81192.0, 7.28
81193.0, 8.02
81194.0, 7.23
81195.0, 7.50
81196.0, 6.62
81197.0, 5.69
81198.0, 6.93
81199.0, 7.48
81200.0, 8.05
81201.0, 6.75
81202.0, 9.14
81203.0, 7.78
81204.0, 8.55
81205.0, 7.71
81206.0, 7.03
81207.0, 8.46
81208.0, 9.00
81209.0, 8.70
81210.0, 8.52
81211.0, 10.24
81212.0, 10.96
81213.0, 12.90
81214.0, 7.95
81215.0, 6.85
81216.0, 5.39
81217.0, 6.50
81218.0, 7.45
81219.0, 9.21
81220.0, 8.91
81221.0, 10.03
81222.0, 9.90
81223.0, 9.90
81224.0, 7.90
81225.0, 10.18
81226.0, 9.36
81227.0, 9.47
81228.0, 8.77
81229.0, 8.62
81230.0, 6.19
81231.0, 8.21
81232.0, 8.91
81233.0, 8.27
81234.0, 7.64
81235.0, 8.25
81236.0, 7.92
81237.0, 10.35
81238.0, 10.84
81239.0, 10.45
81240.0, 11.12
81241.0, 10.80
81242.0, 11.54
81243.0, 9.45
81244.0, 9.70
81245.0, 12.52
81246.0, 11.70
81247.0, 11.91
81248.0, 11.67
81249.0, 8.55
81250.0, 10.52
81251.0, 9.29
81252.0, 9.80
81253.0, 9.24
81254.0, 10.55
81255.0, 9.56
81256.0, 9.56
81257.0, 11.53
81258.0, 10.31
81259.0, 8.89
81260.0, 8.74
81261.0, 9.55
81262.0, 11.46
81263.0, 7.49
81264.0, 9.33
81265.0, 9.35
81266.0, 9.63
81267.0, 9.04
81268.0, 11.49
81269.0, 10.75
81270.0, 11.73
81271.0, 9.83
81272.0, 10.38
81273.0, 9.99
81274.0, 11.99
81275.0, 9.84
81276.0, 9.21
81277.0, 7.31
81278.0, 9.11
81279.0, 10.44
81280.0, 10.06
81281.0, 9.36
81282.0, 7.83
81283.0, 8.00
81284.0, 6.69
81285.0, 8.13
81286.0, 8.67
81287.0, 7.14
81288.0, 8.18
81289.0, 9.42
81290.0, 8.76
81291.0, 8.68
81292.0, 6.86
81293.0, 7.03
81294.0, 6.71
81295.0, 8.50
81296.0, 6.50
81297.0, 5.65
81298.0, 5.73
81299.0, 4.72
81300.0, 7.82
81301.0, 10.01
81302.0, 9.86
81303.0, 6.04
81304.0, 5.87
81305.0, 4.77
81306.0, 6.36
81307.0, 7.31
81308.0, 5.74
81309.0, 4.83
81310.0, 5.49
81311.0, 5.83
81312.0, 4.83
81313.0, 3.76
81314.0, 4.01
81315.0, 5.01
81316.0, 6.47
81317.0, 3.92
81318.0, 5.26
81319.0, 4.07
81320.0, 3.36
81321.0, 3.85
81322.0, 5.31
81323.0, 7.19
81324.0, 9.81
81325.0, 6.77
81326.0, 6.88
81327.0, 6.05
81328.0, 5.64
81329.0, 5.06
81330.0, 7.04
81331.0, 6.34
81332.0, 4.34
81333.0, 4.68
81334.0, 4.09
81335.0, 4.62
81336.0, 5.59
81337.0, 6.64
81338.0, 5.34
81339.0, 4.57
81340.0, 3.24
81341.0, 4.28
81342.0, 4.95
81343.0, 5.56
81344.0, 6.02
81345.0, 6.21
81346.0, 4.88
81347.0, 4.69
81348.0, 6.74
81349.0, 6.67
81350.0, 5.73
81351.0, 5.14
81352.0, 4.09
81353.0, 5.64
81354.0, 5.99
81355.0, 5.41
81356.0, 5.03
81357.0, 5.77
81358.0, 3.92
81359.0, 4.26
81360.0, 5.04
81361.0, 5.41
81362.0, 6.14
81363.0, 5.32
81364.0, 4.65
81365.0, 5.16
81366.0, 7.06
81367.0, 5.22
81368.0, 5.47
81369.0, 5.57
81370.0, 5.51
81371.0, 7.20
81372.0, 6.65
81373.0, 7.34
81374.0, 6.93
81375.0, 6.04
81376.0, 6.46
81377.0, 6.60
81378.0, 5.85
81379.0, 3.85
81380.0, 8.30
81381.0, 7.77
81382.0, 7.15
81383.0, 7.23
81384.0, 7.19
81385.0, 4.89
81386.0, 6.25
81387.0, -9999.00
81388.0, -9999.00
81389.0, -9999.00
81390.0, -9999.00
81391.0, -9999.00
81392.0, -9999.00
81393.0, -9999.00
81394.0, -9999.00
81395.0, -9999.00
81396.0, -9999.00
81397.0, -9999.00
81398.0, -9999.00
81399.0, -9999.00
81400.0, -9999.00
81401.0, -9999.00
81402.0, -9999.00
81403.0, -9999.00
81404.0, -9999.00
81405.0, -9999.00
81406.0, -9999.00
81407.0, -9999.00
81408.0, -9999.00
81409.0, -9999.00
81410.0, -9999.00
81411.0, -9999.00
81412.0, -9999.00
81413.0, -9999.00
81414.0, -9999.00
81415.0, -9999.00
81416.0, -9999.00
81417.0, -9999.00
81418.0, -9999.00
81419.0, -9999.00
81420.0, -9999.00
81421.0, -9999.00
81422.0, -9999.00
81423.0, -9999.00
81424.0, -9999.00
81425.0, -9999.00
81426.0, -9999.00
81427.0, -9999.00
81428.0, -9999.00
81429.0, -9999.00
81430.0, -9999.00
81431.0, -9999.00
81432.0, -9999.00
81433.0, -9999.00
81434.0, -9999.00
81435.0, -9999.00
81436.0, -9999.00
81437.0, -9999.00
81438.0, -9999.00
81439.0, -9999.00
81440.0, -9999.00
81441.0, -9999.00
81442.0, -9999.00
81443.0, -9999.00
81444.0, -9999.00
81445.0, -9999.00
81446.0, -9999.00
81447.0, -9999.00
81448.0, -9999.00
81449.0, -9999.00
81450.0, -9999.00
81451.0, -9999.00
81452.0, -9999.00
81453.0, -9999.00
81454.0, -9999.00
81455.0, -9999.00
81456.0, -9999.00
81457.0, -9999.00
81458.0, -9999.00
81459.0, -9999.00
81460.0, -9999.00
81461.0, -9999.00
81462.0, -9999.00
81463.0, -9999.00
81464.0, -9999.00
81465.0, -9999.00
81466.0, -9999.00
81467.0, -9999.00
81468.0, -9999.00
81469.0, -9999.00
81470.0, -9999.00
81471.0, -9999.00
81472.0, -9999.00
81473.0, -9999.00
81474.0, -9999.00
81475.0, -9999.00
81476.0, 6.88
81477.0, -9999.00
81478.0, -9999.00
81479.0, 8.66
81480.0, 7.78
81481.0, 9.32
81482.0, 8.61
81483.0, 8.10
81484.0, 9.67
81485.0, 10.01
81486.0, 7.57
81487.0, 7.15
81488.0, 6.25
81489.0, 4.85
81490.0, 9.99
81491.0, 9.18
81492.0, 6.36
81493.0, 5.44
81494.0, 5.93
81495.0, 6.77
81496.0, 7.74
81497.0, 8.89
81498.0, 7.01
81499.0, 6.94
81500.0, 6.85
81501.0, 6.26
81502.0, 5.90
81503.0, 4.99
81504.0, 5.83
81505.0, 7.71
81506.0, 6.34
81507.0, 4.97
81508.0, 6.18
81509.0, 4.42
81510.0, 4.85
81511.0, 4.15
81512.0, 4.68
81513.0, 4.43
81514.0, 4.40
81515.0, 5.63
81516.0, 5.86
81517.0, 6.77
81518.0, 5.94
81519.0, 6.04
81520.0, 5.79
81521.0, 6.36
81522.0, 5.60
81523.0, 5.65
81524.0, 5.95
81525.0, 5.66
81526.0, 5.15
81527.0, 6.44
81528.0, 7.15
81529.0, 6.90
81530.0, 6.49
81531.0, 4.99
81532.0, 2.73
81533.0, 4.13
81534.0, 6.08
81535.0, 6.26
81536.0, 6.09
81537.0, 5.39
81538.0, 6.13
81539.0, 4.94
81540.0, 5.99
81541.0, 5.06
81542.0, 7.36
81543.0, 8.14
81544.0, 7.52
81545.0, 4.88
81546.0, 5.36
81547.0, 7.71
81548.0, 7.41
81549.0, 7.34
81550.0, 6.43
81551.0, 5.46
81552.0, 4.48
81553.0, 4.23
81554.0, 6.54
81555.0, 8.03
81556.0, 7.42
81557.0, 6.01
81558.0, 5.73
81559.0, 3.52
81560.0, 5.02
81561.0, 10.11
81562.0, 14.80
81563.0, 9.20
81564.0, 6.08
81565.0, 8.01
81566.0, 8.49
81567.0, 7.33
81568.0, 7.78
81569.0, 6.23
81570.0, 6.49
81571.0, 6.52
81572.0, 5.08
81573.0, 6.33
81574.0, 5.35
81575.0, 5.62
81576.0, 5.53
81577.0, 5.10
