frappe-C2H6_C130_20140731_R1.ict
247,1001
Alan Fried, Petter Weibring, Dirk Richter and James Walega
The University of Colorado at Boulder - INSTAAR
Ethane on the NCAR C130 Employing the Compact Atmospheric Multi-species Spectrometer (CAMS) During FRAPPE
FRAPPE
1, 1
2014, 07, 31, 2015, 2, 2
0
C2H6_Start_SOD_UTC, secondsUTC, seconds since 00:00:00 UTC
8
1, 1, 1, 1, 1, 1, 1,1
-9999,-9999,-9999,-9999,-9999,-9999,-9999,-9999
C2H6_Stop_SOD_UTC, secondsUTC, seconds since 00:00:00 UTC
C2H6_Mid_SOD_UTC, secondsUTC, seconds since 00:00:00 UTC
C2H6_pptv, pptv, 1 second data or a longer averaging period as mixing ratio by volume
C2H6_sdev, pptv, 1 second standard deviation reported as fit precisions or standard deviation over averaging time period as mixing ratio by volume
C2H6_cnt, cnt, number of measurements in averaging period
C2H6_LOD_pptv, pptv, Limit of Detection
C2H6_SMU_pptv, pptv, Systematic Measurement Uncertainty
C2H6_TMU_pptv, pptv, Total Measurement Uncertainty
204

*****************  FRAPPE Experiment Colorado Deployment  *****************



Deployment:             July 2014 - August 2014

Aircraft:              The NCAR C130 Aircraft


*****************   USE OF THIS DATA REQUIRES   *****************


USERS OF THIS DATA ARE STRONGLY ENCOURAGED TO CONTACT THE EXPERIMENTERS,
AND ANY PRESENTATION OR PUBLICATION OF THE DATA CONTAINED IN THIS FILE
SHOULD ACKNOWLEDGE THE "UNIVERSITY OF COLORADO - INSTAAR"


*****************        Data Availability *****************

		RF01	20140726
		RF02	20140727
		RF03	20140728
		RF04	20140729
		RF05	20140731
		RF06	20140802
		RF07	20140803
		RF08	20140806
		RF09	20140807
		RF10	20140808
		RF11	20140811
		RF12	20140812
		RF13	20140815
		RF14	20140816
		RF15	20140818
    


*****************   Data Reported In This File  *****************

C2H6_Start_SOD_UTC   - Start time of averaging period (seconds since 00:00:00 UTC)
C2H6_Stop_SOD_UTC    - Stop  time of averaging period (seconds since 00:00:00 UTC)
C2H6_Mid_SOD_UTC     - Mid   time of averaging period (seconds since 00:00:00 UTC)
C2H6_pptv            - C2H6 mixing ratio              (pptv)
C2H6_sdev            - Standard deviation of measurements of C2H6 mixing ratio in averaging period, for 1 sec data this is the fit precision (pptv)
C2H6_cnt             - number of measurements in averaging period
C2H6_LOD_pptv        - 1 Sigma Limit of Detection                        (pptv)
C2H6_SMU_pptv        - 1 Sigma Systematic Measurement Uncertainty        (pptv)
C2H6_TMU_pptv        - 1 Sigma Total Measurement Uncertainty             (pptv)


*****************      Principal Investigator   *****************


                       Alan Fried
                       University of Colorado - INSTAAR
             mail:     1560 30th ST, 450 UCB, Boulder CO 80309
             shipping: 1560 30th ST, 450 UCB, Boulder CO 80309
             phone:    303-492-7559
             fax:      303-492-6388
             email:    alan.fried@colorado.edu

********************************************************************************

***  Difference Frequency Generation (DFG): Data Acquisition Frequency & Data Reduction

A room temperature tunable IR laser source based upon difference frequency
generation using two different laser pairs mixed in a non-linear crystal
[...]
employ these fit precisions in our uncertainty estimates in the present data sets.
Future use of these fit precisions must first await a more comprehensive study of the relationship
between fit and replicate precision estimates as a function of the ambient levels, including ambient
methanol levels. 

The overall total uncertainty was then derived by quadrature addition of
the systematic term with the LOD, both at the 1 sigma levels.
*****************************************************************************************************************************************

21

PI_CONTACT_INFO: Address: University of Colorado - INSTAAR, 1560 30th ST, 450 UCB, Boulder, CO 80309; email: alan.fried@colorado.edu; 303-492-7559
PLATFORM: NCAR C130 Aircraft
LOCATION: Latitude, longitude and elevation data are included in the data records.
ASSOCIATED_DATA: N/A
INSTRUMENT_INFO: CAMS
DATA_INFO: See Text
UNCERTAINTY: See Text
ULOD_FLAG: -77777777
ULOD_VALUE: N/A
LLOD_FLAG: -88888888
LLOD_VALUE: N/A
DM_CONTACT_INFO: N/A
PROJECT_INFO: FRAPPE
OTHER_COMMENTS: N/A
STIPULATIONS_ON_USE: USERS OF THIS DATA ARE STRONGLY ENCOURAGED TO CONTACT THE EXPERIMENTERS, AND ANY PRESENTATION OR PUBLICATION OF THE DATA CONTAINED IN THIS FILE SHOULD ACKNOWLEDGE THE "UNIVERSITY OF COLORADO - INSTAAR"
REVISION: R1
R0: time adjustment HAS NOT BEEN DONE, MeOH correction has been made
R1: New calibration for MeOH Standard so interferance adjusted, Fit precisions inadvertantly omitted in previous version are now included

C2H6_Start_SOD_UTC, C2H6_Stop_SOD_UTC, C2H6_Mid_SOD_UTC, C2H6_pptv, C2H6_sdev, C2H6_cnt, C2H6_LOD_pptv, C2H6_SMU_pptv, C2H6_TMU_pptv
[from data line 7125]
80745,80746,80745.50,2085,23,1,21,63,66
80746,80747,80746.50,2080,29,1,21,62,66
80747,80748,80747.50,2153,28,1,21,65,68
80748,80749,80748.50,2190,28,1,21,66,69
80749,80750,80749.50,2278,28,1,21,68,71
80750,80751,80750.50,2238,27,1,21,67,70
80751,80752,80751.50,2261,30,1,21,68,71
80752,80753,80752.50,2229,26,1,21,67,70
80753,80754,80753.50,2196,28,1,21,66,69
80754,80755,80754.50,2229,29,1,21,67,70
80755,80756,80755.50,2271,28,1,21,68,71
80756,80757,80756.50,2217,30,1,21,67,70
80757,80758,80757.50,2147,27,1,21,64,68
80758,80759,80758.50,2065,25,1,21,62,65
80759,80760,80759.50,2071,24,1,21,62,66
80760,80761,80760.50,2140,28,1,21,64,68
80761,80762,80761.50,2185,31,1,21,66,69
80762,80763,80762.50,2210,31,1,21,66,70
80763,80764,80763.50,2235,35,1,21,67,70
80764,80765,80764.50,2245,33,1,21,67,71
80765,80766,80765.50,2192,34,1,21,66,69
80766,80767,80766.50,2181,32,1,21,65,69
80767,80768,80767.50,2027,22,1,21,61,64
80768,80769,80768.50,1988,19,1,21,60,63
80769,80770,80769.50,1974,20,1,21,59,63
80770,80771,80770.50,1967,23,1,21,59,63
80771,80772,80771.50,2044,25,1,21,61,65
80772,80773,80772.50,2085,29,1,21,63,66
80773,80774,80773.50,2164,26,1,21,65,68
80774,80775,80774.50,2224,28,1,21,67,70
80775,80776,80775.50,2227,31,1,21,67,70
80776,80777,80776.50,2231,29,1,21,67,70
80777,80778,80777.50,2226,28,1,21,67,70
80778,80779,80778.50,2196,26,1,21,66,69
80779,80780,80779.50,2234,27,1,21,67,70
80780,80781,80780.50,2214,28,1,21,66,70
80781,80782,80781.50,2284,28,1,21,69,72
80782,80783,80782.50,2219,25,1,21,67,70
80783,80784,80783.50,2176,25,1,21,65,69
80784,80785,80784.50,2117,19,1,21,64,67
80785,80786,80785.50,2107,21,1,21,63,67
80786,80787,80786.50,2060,22,1,21,62,65
80787,80788,80787.50,2054,19,1,21,62,65
80788,80789,80788.50,2036,18,1,21,61,65
80789,80790,80789.50,2071,17,1,21,62,66
80790,80791,80790.50,2040,18,1,21,61,65
80791,80792,80791.50,1962,17,1,21,59,62
80792,80793,80792.50,1844,14,1,21,55,59
80830,80831,80830.50,2102,23,1,21,63,66
80831,80832,80831.50,2124,19,1,21,64,67
80832,80833,80832.50,2219,22,1,21,67,70
80833,80834,80833.50,2203,24,1,21,66,69
80834,80835,80834.50,2184,23,1,21,66,69
80835,80836,80835.50,2195,25,1,21,66,69
80836,80837,80836.50,2205,25,1,21,66,69
80837,80838,80837.50,2178,24,1,21,65,69
80838,80839,80838.50,2162,26,1,21,65,68
80839,80840,80839.50,2216,25,1,21,66,70
80840,80841,80840.50,2285,25,1,21,69,72
80841,80842,80841.50,2296,25,1,21,69,72
80842,80843,80842.50,2303,27,1,21,69,72
80843,80844,80843.50,2250,32,1,21,68,71
80844,80845,80844.50,2293,29,1,21,69,72
80845,80846,80845.50,2260,30,1,21,68,71
80846,80847,80846.50,2275,29,1,21,68,71
80847,80848,80847.50,2237,26,1,21,67,70
80848,80849,80848.50,2225,28,1,21,67,70
80849,80850,80849.50,2215,27,1,21,66,70
80850,80851,80850.50,2211,30,1,21,66,70
80851,80852,80851.50,2218,29,1,21,67,70
80852,80853,80852.50,2214,28,1,21,66,70
80853,80854,80853.50,2195,30,1,21,66,69
80854,80855,80854.50,2187,25,1,21,66,69
80855,80856,80855.50,2201,31,1,21,66,69
80856,80857,80856.50,2218,30,1,21,67,70
80857,80858,80857.50,2192,26,1,21,66,69
80858,80859,80858.50,2198,29,1,21,66,69
80859,80860,80859.50,2187,28,1,21,66,69
80860,80861,80860.50,2220,27,1,21,67,70
80861,80862,80861.50,2191,30,1,21,66,69
80862,80863,80862.50,2188,28,1,21,66,69
80863,80864,80863.50,2185,31,1,21,66,69
80864,80865,80864.50,2167,26,1,21,65,68
80865,80866,80865.50,2114,26,1,21,63,67
80866,80867,80866.50,2108,27,1,21,63,67
80867,80868,80867.50,2090,25,1,21,63,66
80868,80869,80868.50,2020,24,1,21,61,64
80869,80870,80869.50,2069,25,1,21,62,66
80870,80871,80870.50,2048,24,1,21,61,65
80871,80872,80871.50,2009,23,1,21,60,64
80872,80873,80872.50,2030,22,1,21,61,64
80873,80874,80873.50,2057,23,1,21,62,65
80874,80875,80874.50,2050,23,1,21,62,65
80875,80876,80875.50,2014,25,1,21,60,64
80876,80877,80876.50,1966,21,1,21,59,63
80877,80878,80877.50,1969,25,1,21,59,63
80878,80879,80878.50,2037,23,1,21,61,65
80879,80880,80879.50,2046,22,1,21,61,65
80880,80881,80880.50,2043,22,1,21,61,65
80881,80882,80881.50,2132,24,1,21,64,67
80882,80883,80882.50,2132,28,1,21,64,67
80883,80884,80883.50,2111,26,1,21,63,67
80884,80885,80884.50,2087,26,1,21,63,66
80885,80886,80885.50,2115,24,1,21,63,67
80886,80887,80886.50,2069,28,1,21,62,66
80887,80888,80887.50,2088,23,1,21,63,66
80888,80889,80888.50,2029,25,1,21,61,64
80889,80890,80889.50,1994,26,1,21,60,63
80927,80928,80927.50,2276,25,1,21,68,71
80928,80929,80928.50,2308,27,1,21,69,72
80929,80930,80929.50,2332,23,1,21,70,73
80930,80931,80930.50,2277,25,1,21,68,71
80931,80932,80931.50,2255,26,1,21,68,71
80969,80970,80969.50,2568,28,1,21,77,80
80970,80971,80970.50,2852,26,1,21,86,88
80971,80972,80971.50,3052,29,1,21,92,94
80972,80973,80972.50,2984,28,1,21,90,92
80973,80974,80973.50,2876,30,1,21,86,89
80974,80975,80974.50,2817,29,1,21,85,87
80975,80976,80975.50,2940,28,1,21,88,91
80976,80977,80976.50,2890,29,1,21,87,89
80977,80978,80977.50,2815,27,1,21,84,87
80978,80979,80978.50,2767,27,1,21,83,86
80979,80980,80979.50,2703,27,1,21,81,84
80980,80981,80980.50,2625,25,1,21,79,82
80981,80982,80981.50,2567,26,1,21,77,80
80982,80983,80982.50,2547,27,1,21,76,79
80983,80984,80983.50,2600,26,1,21,78,81
80984,80985,80984.50,2563,23,1,21,77,80
80985,80986,80985.50,2541,27,1,21,76,79
80986,80987,80986.50,2556,25,1,21,77,80
80987,80988,80987.50,2486,26,1,21,75,77
80988,80989,80988.50,2448,25,1,21,73,76
80989,80990,80989.50,2457,29,1,21,74,77
80990,80991,80990.50,2380,27,1,21,71,74
80991,80992,80991.50,2369,22,1,21,71,74
80992,80993,80992.50,2410,26,1,21,72,75
80993,80994,80993.50,2388,26,1,21,72,75
80994,80995,80994.50,2411,27,1,21,72,75
80995,80996,80995.50,2479,24,1,21,74,77
80996,80997,80996.50,2519,25,1,21,76,78
80997,80998,80997.50,2469,25,1,21,74,77
80998,80999,80998.50,2459,24,1,21,74,77
80999,81000,80999.50,2480,26,1,21,74,77
81000,81001,81000.50,2441,23,1,21,73,76
81001,81002,81001.50,2431,22,1,21,73,76
81002,81003,81002.50,2351,23,1,21,71,74
81003,81004,81003.50,2294,23,1,21,69,72
81004,81005,81004.50,2304,19,1,21,69,72
81005,81006,81005.50,2252,22,1,21,68,71
81006,81007,81006.50,2291,19,1,21,69,72
81007,81008,81007.50,2301,19,1,21,69,72
81008,81009,81008.50,2306,23,1,21,69,72
81009,81010,81009.50,2361,18,1,21,71,74
81010,81011,81010.50,2339,20,1,21,70,73
81011,81012,81011.50,2421,22,1,21,73,76
81012,81013,81012.50,2466,20,1,21,74,77
81013,81014,81013.50,2393,20,1,21,72,75
81014,81015,81014.50,2341,18,1,21,70,73
81015,81016,81015.50,2357,20,1,21,71,74
81016,81017,81016.50,2376,18,1,21,71,74
81017,81018,81017.50,2376,18,1,21,71,74
81018,81019,81018.50,2441,18,1,21,73,76
81019,81020,81019.50,2456,20,1,21,74,77
81020,81021,81020.50,2567,22,1,21,77,80
81021,81022,81021.50,2576,21,1,21,77,80
81022,81023,81022.50,2544,26,1,21,76,79
81023,81024,81023.50,2552,22,1,21,77,79
81024,81025,81024.50,2534,21,1,21,76,79
81025,81026,81025.50,2596,21,1,21,78,81
81026,81027,81026.50,2570,26,1,21,77,80
81027,81028,81027.50,2525,22,1,21,76,79
81028,81029,81028.50,2457,20,1,21,74,77
81029,81030,81029.50,2411,23,1,21,72,75
81030,81031,81030.50,2424,21,1,21,73,76
81031,81032,81031.50,2405,23,1,21,72,75
81032,81033,81032.50,2435,21,1,21,73,76
81033,81034,81033.50,2457,21,1,21,74,77
81034,81035,81034.50,2353,20,1,21,71,74
81035,81036,81035.50,2355,22,1,21,71,74
81036,81037,81036.50,2326,22,1,21,70,73
81037,81038,81037.50,2309,18,1,21,69,72
81038,81039,81038.50,2369,20,1,21,71,74
81039,81040,81039.50,2414,19,1,21,72,75
81040,81041,81040.50,2442,18,1,21,73,76
81041,81042,81041.50,2464,22,1,21,74,77
81042,81043,81042.50,2464,22,1,21,74,77
81043,81044,81043.50,2471,18,1,21,74,77
81044,81045,81044.50,2474,21,1,21,74,77
81045,81046,81045.50,2484,20,1,21,75,77
81046,81047,81046.50,2479,20,1,21,74,77
81047,81048,81047.50,2462,17,1,21,74,77
81048,81049,81048.50,2454,17,1,21,74,77
81049,81050,81049.50,2433,24,1,21,73,76
81050,81051,81050.50,2468,19,1,21,74,77
81051,81052,81051.50,2404,20,1,21,72,75
81052,81053,81052.50,2439,18,1,21,73,76
81053,81054,81053.50,2480,16,1,21,74,77
81054,81055,81054.50,2507,21,1,21,75,78
81055,81056,81055.50,2501,20,1,21,75,78
81056,81057,81056.50,2459,20,1,21,74,77
81057,81058,81057.50,2439,21,1,21,73,76
81058,81059,81058.50,2482,21,1,21,74,77
81059,81060,81059.50,2453,17,1,21,74,77
81060,81061,81060.50,2380,17,1,21,71,74
81061,81062,81061.50,2350,19,1,21,70,74
81062,81063,81062.50,2293,20,1,21,69,72
81063,81064,81063.50,2356,17,1,21,71,74
81064,81065,81064.50,2359,18,1,21,71,74
81065,81066,81065.50,2418,19,1,21,73,76
81066,81067,81066.50,2883,21,1,21,86,89
81067,81068,81067.50,3255,20,1,21,98,100
81068,81069,81068.50,3105,19,1,21,93,95
81069,81070,81069.50,2690,14,1,21,81,83
81070,81071,81070.50,2467,16,1,21,74,77
81071,81072,81071.50,2420,16,1,21,73,76
81072,81073,81072.50,2391,15,1,21,72,75
81073,81074,81073.50,2413,15,1,21,72,75
81074,81075,81074.50,2448,18,1,21,73,76
81075,81076,81075.50,2536,21,1,21,76,79
81076,81077,81076.50,2524,18,1,21,76,79
81077,81078,81077.50,2471,18,1,21,74,77
81078,81079,81078.50,2426,16,1,21,73,76
81079,81080,81079.50,2432,22,1,21,73,76
81080,81081,81080.50,2378,17,1,21,71,74
81081,81082,81081.50,2347,18,1,21,70,73
81082,81083,81082.50,2337,18,1,21,70,73
81083,81084,81083.50,2365,16,1,21,71,74
81084,81085,81084.50,2346,15,1,21,70,73
81085,81086,81085.50,2374,14,1,21,71,74
81086,81087,81086.50,2323,17,1,21,70,73
81087,81088,81087.50,2294,16,1,21,69,72
81088,81089,81088.50,2260,16,1,21,68,71
81089,81090,81089.50,2275,16,1,21,68,71
81090,81091,81090.50,2246,19,1,21,67,71
81091,81092,81091.50,2281,12,1,21,68,72
81092,81093,81092.50,2287,12,1,21,69,72
81093,81094,81093.50,2277,11,1,21,68,71
81094,81095,81094.50,2241,13,1,21,67,70
81095,81096,81095.50,2298,12,1,21,69,72
81096,81097,81096.50,2314,12,1,21,69,73
81097,81098,81097.50,2285,13,1,21,69,72
81098,81099,81098.50,2289,15,1,21,69,72
81099,81100,81099.50,2267,14,1,21,68,71
81100,81101,81100.50,2180,13,1,21,65,69
81101,81102,81101.50,2136,16,1,21,64,67
81102,81103,81102.50,2201,14,1,21,66,69
81103,81104,81103.50,2119,14,1,21,64,67
81104,81105,81104.50,2138,14,1,21,64,67
81105,81106,81105.50,2148,11,1,21,64,68
81106,81107,81106.50,2232,13,1,21,67,70
81107,81108,81107.50,2335,12,1,21,70,73
81108,81109,81108.50,2388,14,1,21,72,75
81109,81110,81109.50,2325,12,1,21,70,73
81110,81111,81110.50,2267,12,1,21,68,71
81111,81112,81111.50,2236,15,1,21,67,70
81112,81113,81112.50,2136,14,1,21,64,67
81113,81114,81113.50,2031,12,1,21,61,64
81114,81115,81114.50,1954,18,1,21,59,62
81115,81116,81115.50,1977,15,1,21,59,63
81116,81117,81116.50,1981,14,1,21,59,63
81117,81118,81117.50,2045,16,1,21,61,65
81118,81119,81118.50,2042,14,1,21,61,65
81119,81120,81119.50,2205,13,1,21,66,69
81120,81121,81120.50,2423,15,1,21,73,76
81121,81122,81121.50,2502,15,1,21,75,78
81122,81123,81122.50,2545,14,1,21,76,79
81123,81124,81123.50,2456,14,1,21,74,77
81124,81125,81124.50,2438,14,1,21,73,76
81125,81126,81125.50,2505,14,1,21,75,78
81126,81127,81126.50,2472,14,1,21,74,77
81127,81128,81127.50,2491,14,1,21,75,78
81128,81129,81128.50,2428,13,1,21,73,76
81129,81130,81129.50,2388,15,1,21,72,75
81130,81131,81130.50,2325,11,1,21,70,73
81131,81132,81131.50,2284,17,1,21,69,72
81132,81133,81132.50,2278,15,1,21,68,71
81133,81134,81133.50,2325,16,1,21,70,73
81134,81135,81134.50,2272,14,1,21,68,71
81135,81136,81135.50,2207,14,1,21,66,69
81136,81137,81136.50,2176,14,1,21,65,69
81137,81138,81137.50,2162,12,1,21,65,68
81138,81139,81138.50,2122,12,1,21,64,67
81139,81140,81139.50,2048,13,1,21,61,65
81140,81141,81140.50,2035,11,1,21,61,65
81141,81142,81141.50,1963,12,1,21,59,63
81142,81143,81142.50,1985,16,1,21,60,63
81143,81144,81143.50,2006,14,1,21,60,64
81144,81145,81144.50,1954,14,1,21,59,62
81145,81146,81145.50,1951,15,1,21,59,62
81146,81147,81146.50,1950,13,1,21,58,62
81147,81148,81147.50,1972,17,1,21,59,63
81148,81149,81148.50,1947,12,1,21,58,62
81149,81150,81149.50,1961,12,1,21,59,62
81150,81151,81150.50,1899,13,1,21,57,61
81151,81152,81151.50,1918,12,1,21,58,61
81152,81153,81152.50,1951,18,1,21,59,62
81153,81154,81153.50,1948,13,1,21,58,62
81154,81155,81154.50,2003,15,1,21,60,64
81155,81156,81155.50,2015,13,1,21,60,64
81156,81157,81156.50,1998,18,1,21,60,64
81157,81158,81157.50,1965,16,1,21,59,63
81158,81159,81158.50,1984,17,1,21,60,63
81159,81160,81159.50,1995,15,1,21,60,63
81160,81161,81160.50,2010,16,1,21,60,64
81161,81162,81161.50,1959,17,1,21,59,62
81162,81163,81162.50,1935,17,1,21,58,62
81163,81164,81163.50,1942,13,1,21,58,62
81164,81165,81164.50,1987,14,1,21,60,63
81165,81166,81165.50,1996,15,1,21,60,63
81166,81167,81166.50,1993,17,1,21,60,63
81167,81168,81167.50,1989,13,1,21,60,63
81168,81169,81168.50,2000,15,1,21,60,64
81169,81170,81169.50,2009,18,1,21,60,64
81170,81171,81170.50,1959,16,1,21,59,62
81171,81172,81171.50,1979,14,1,21,59,63
81172,81173,81172.50,2010,13,1,21,60,64
81173,81174,81173.50,1989,20,1,21,60,63
81174,81175,81174.50,2016,18,1,21,60,64
81175,81176,81175.50,1997,17,1,21,60,63
81176,81177,81176.50,1989,17,1,21,60,63
81177,81178,81177.50,1992,16,1,21,60,63
81178,81179,81178.50,2039,14,1,21,61,65
81179,81180,81179.50,1987,18,1,21,60,63
81180,81181,81180.50,2026,19,1,21,61,64
81181,81182,81181.50,2025,15,1,21,61,64
81182,81183,81182.50,2014,14,1,21,60,64
81183,81184,81183.50,2060,19,1,21,62,65
81184,81185,81184.50,2123,14,1,21,64,67
81185,81186,81185.50,2084,12,1,21,63,66
81186,81187,81186.50,2025,13,1,21,61,64
81187,81188,81187.50,2065,15,1,21,62,65
81188,81189,81188.50,2037,14,1,21,61,65
81189,81190,81189.50,2033,15,1,21,61,65
81190,81191,81190.50,2025,13,1,21,61,64
81191,81192,81191.50,2034,13,1,21,61,65
81192,81193,81192.50,1973,14,1,21,59,63
81193,81194,81193.50,1981,14,1,21,59,63
81194,81195,81194.50,2002,13,1,21,60,64
81195,81196,81195.50,2004,12,1,21,60,64
81196,81197,81196.50,2009,14,1,21,60,64
81197,81198,81197.50,2012,14,1,21,60,64
81198,81199,81198.50,2022,11,1,21,61,64
81199,81200,81199.50,2040,17,1,21,61,65
81200,81201,81200.50,1979,15,1,21,59,63
81201,81202,81201.50,2038,13,1,21,61,65
81202,81203,81202.50,2010,16,1,21,60,64
81203,81204,81203.50,2035,13,1,21,61,65
81204,81205,81204.50,2013,13,1,21,60,64
81205,81206,81205.50,1942,16,1,21,58,62
81206,81207,81206.50,1974,17,1,21,59,63
81207,81208,81207.50,1977,14,1,21,59,63
81208,81209,81208.50,1971,13,1,21,59,63
81209,81210,81209.50,1972,12,1,21,59,63
81210,81211,81210.50,2001,15,1,21,60,64
81211,81212,81211.50,1995,11,1,21,60,63
81212,81213,81212.50,1991,16,1,21,60,63
81213,81214,81213.50,1983,13,1,21,59,63
81214,81215,81214.50,1990,12,1,21,60,63
81215,81216,81215.50,1964,15,1,21,59,63
81216,81217,81216.50,1975,13,1,21,59,63
81217,81218,81217.50,1980,12,1,21,59,63
81218,81219,81218.50,1986,13,1,21,60,63
81219,81220,81219.50,1984,10,1,21,60,63
81220,81221,81220.50,2011,13,1,21,60,64
81221,81222,81221.50,2007,13,1,21,60,64
81222,81223,81222.50,2023,12,1,21,61,64
81223,81224,81223.50,1990,15,1,21,60,63
81224,81225,81224.50,1959,15,1,21,59,62
81225,81226,81225.50,1998,13,1,21,60,64
81226,81227,81226.50,2042,14,1,21,61,65
81227,81228,81227.50,1983,11,1,21,59,63
81228,81229,81228.50,1988,12,1,21,60,63
81229,81230,81229.50,1981,13,1,21,59,63
81230,81231,81230.50,2010,13,1,21,60,64
81231,81232,81231.50,2023,14,1,21,61,64
81232,81233,81232.50,2054,17,1,21,62,65
81233,81234,81233.50,2076,14,1,21,62,66
81234,81235,81234.50,2092,16,1,21,63,66
81235,81236,81235.50,2114,14,1,21,63,67
81236,81237,81236.50,2183,15,1,21,65,69
81237,81238,81237.50,2300,22,1,21,69,72
81238,81239,81238.50,2478,19,1,21,74,77
81239,81240,81239.50,2523,17,1,21,76,79
81240,81241,81240.50,2500,18,1,21,75,78
81241,81242,81241.50,2398,18,1,21,72,75
81242,81243,81242.50,2310,18,1,21,69,72
81243,81244,81243.50,2301,15,1,21,69,72
81244,81245,81244.50,2274,18,1,21,68,71
81245,81246,81245.50,2243,19,1,21,67,70
81246,81247,81246.50,2212,17,1,21,66,70
81247,81248,81247.50,2172,17,1,21,65,68
81248,81249,81248.50,2188,16,1,21,66,69
81249,81250,81249.50,2146,15,1,21,64,68
81250,81251,81250.50,2097,17,1,21,63,66
81251,81252,81251.50,2122,17,1,21,64,67
81252,81253,81252.50,2071,13,1,21,62,66
81253,81254,81253.50,2130,14,1,21,64,67
81254,81255,81254.50,2269,18,1,21,68,71
