frappe-C130-PAN_C130_20140731_R0.ict
34, 1001
 Kaser, L.; Flocke, F.M.; Shertz, S.;
NCAR
NCAR PAN-CIMS
FRAPPE
1, 1
2014, 07, 31, 2014, 12, 27
0
Start_UTC, seconds,
3
1,1,1
-9999,-9999,-9999
Stop_UTC, seconds,
PAN, pptv,
PPN, pptv,
0
17
PI_CONTACT_INFO: kaser@ucar.edu, ffl@ucar.edu
PLATFORM: NCAR C130
LOCATION: Latitude, Longitude and Altitude of the C130 can be obtained from other files
ASSOCIATED_DATA: N/A
INSTRUMENT_INFO: PAN-CIMS
DATA_INFO: units are given in pptv
UNCERTAINTY: 13%
ULOD_FLAG: N/A
ULOD_VALUE: N/A
LLOD_FLAG: N/A
LLOD_VALUE: 10pptv
DM_CONTACT_INFO: N/A
PROJECT_INFO: FRAPPE
STIPULATIONS_ON_USE: FINAL DATA. Please contact PI before use/presentation/publication, acknowledge the data source and offer co-authorship to relevant instrument PIs when appropriate.
OTHER_COMMENTS: N/A
REVISION: R0
Start_UTC, Stop_UTC,PAN,PPN
[from data line 477]
72637, 72638, 497.9411, 168.2688
72639, 72640, 509.5565, 151.1641
72641, 72642, 667.6495, 134.2781
72643, 72644, 468.8570, 163.6183
72645, 72646, 535.5872, 134.6497
72647, 72648, 504.4695, 132.0486
72649, 72650, 596.5757, 189.6005
72651, 72652, 558.5328, 150.3403
72653, 72654, 601.7660, 168.8920
72655, 72656, 467.1298, 138.6100
72657, 72658, 464.2802, 141.1426
72659, 72660, 565.4557, 125.9722
72661, 72662, 539.2195, 152.4385
72663, 72664, 719.6735, 155.6661
72665, 72666, 702.0985, 144.6973
72667, 72668, 736.9677, 145.3725
72669, 72670, 640.4254, 175.6447
72671, 72672, 704.3040, 160.6963
72673, 72674, 642.2273, 161.0211
72675, 72676, 633.0878, 148.6556
72677, 72678, 704.5751, 119.5668
72679, 72680, 640.0063, 147.6522
72681, 72682, 581.3694, 174.9443
72683, 72684, 753.4406, 150.2610
72685, 72686, 589.8855, 156.4235
72687, 72688, 716.5321, 152.9175
72689, 72690, 527.7592, 151.7718
72691, 72692, 686.9111, 156.5216
72693, 72694, 604.3743, 156.9354
72695, 72696, 624.0516, 151.5312
72697, 72698, 699.7637, 128.9922
72699, 72700, 611.1881, 139.9283
72701, 72702, 549.9871, 150.6064
72703, 72704, 585.3764, 187.5684
72705, 72706, 656.7604, 168.2785
72707, 72708, 645.9356, 140.3113
72709, 72710, 713.6966, 186.3788
72711, 72712, 676.7145, 174.2608
72713, 72714, 668.7532, 179.3963
72715, 72716, 598.1405, 115.6817
72717, 72718, 555.2191, 165.5278
72719, 72720, 613.8407, 159.5328
72721, 72722, 606.6818, 142.9487
72731, 72732, 802.6193, 163.6309
72733, 72734, 564.2553, 111.6979
72735, 72736, 617.3622, 152.6958
72737, 72738, 618.9103, 152.9714
72739, 72740, 554.2495, 139.7368
72741, 72742, 768.3045, 159.0662
72743, 72744, 595.1962, 138.9542
72745, 72746, 590.3717, 130.3842
72747, 72748, 657.2437, 177.5057
72749, 72750, 852.7000, 191.6969
72751, 72752, 718.6827, 148.9471
72753, 72754, 642.9698, 188.1455
72755, 72756, 744.7963, 172.4452
72757, 72758, 801.5290, 174.7290
72759, 72760, 672.6898, 142.2835
72761, 72762, 758.6048, 183.4627
72763, 72764, 699.0340, 154.2617
72765, 72766, 815.4929, 217.7431
72767, 72768, 669.1272, 156.5616
72769, 72770, 726.2886, 207.4099
72771, 72772, 745.9017, 187.6346
72773, 72774, 671.8711, 165.3017
72775, 72776, 770.4869, 184.3343
72777, 72778, 671.7255, 179.5169
72779, 72780, 612.2353, 182.0185
72781, 72782, 616.3585, 175.0544
72783, 72784, 665.7529, 181.5224
72785, 72786, 739.1316, 193.2121
72787, 72788, 872.8944, 215.3974
72789, 72790, 711.0128, 181.5509
72791, 72792, 841.3731, 194.5525
72793, 72794, 548.5497, 174.0619
72795, 72796, 844.7736, 180.2725
72797, 72798, 707.7813, 151.5875
72799, 72800, 701.4037, 192.8013
72801, 72802, 754.4801, 188.4211
72803, 72804, 916.9571, 192.4128
72805, 72806, 687.6805, 186.2743
72807, 72808, 756.0637, 197.6954
72809, 72810, 756.3641, 209.8627
72811, 72812, 783.4278, 187.4899
72813, 72814, 771.9682, 169.6575
72815, 72816, 787.0352, 213.8440
72817, 72818, 779.2660, 160.7976
72819, 72820, 809.7841, 159.8444
72821, 72822, 820.2401, 117.6974
72823, 72824, 655.6589, 100.6270
72825, 72826, 792.3328, 119.0775
72827, 72828, 688.5562,  98.1042
72829, 72830, 948.9475, 120.2507
72831, 72832, 1215.2411, 132.6253
72833, 72834, 1024.6246, 173.5068
72835, 72836, 900.9197, 121.0933
72837, 72838, 923.3452, 107.5309
72839, 72840, 1044.4114, 144.4127
72841, 72842, 991.3612, 132.3034
72843, 72844, 848.1252, 112.9746
72845, 72846, 823.3514, 107.0128
72847, 72848, 918.0912,  99.2950
72849, 72850, 869.4774,  99.1106
72851, 72852, 905.6476, 110.4169
72853, 72854, 949.0809, 127.2930
72855, 72856, 931.0807, 101.0310
72857, 72858, 1049.1937, 137.4949
72859, 72860, 890.5758, 102.9320
72861, 72862, 1146.3252, 136.5977
72863, 72864, 898.0954, 115.1980
72865, 72866, 1046.5862, 104.4390
72867, 72868, 977.8591, 128.0253
72869, 72870, 853.6260, 136.1634
72871, 72872, 979.6088, 108.4551
72873, 72874, 713.1482, 112.8867
72875, 72876, 872.9111, 112.9521
72877, 72878, 809.5468,  98.2642
72879, 72880, 969.9796, 131.3784
72881, 72882, 798.2913, 125.2098
72883, 72884, 901.3961, 146.7269
72885, 72886, 707.2905, 149.8079
72887, 72888, 911.9014, 181.4029
72889, 72890, 964.8573, 198.3555
72891, 72892, 719.2199, 164.8488
72893, 72894, 664.1234, 151.2484
72895, 72896, 990.3525, 163.4404
72897, 72898, 831.8287, 210.0189
72899, 72900, 1095.0580, 256.8659
72901, 72902, 894.9523, 186.3759
72903, 72904, 897.8350, 194.0657
72905, 72906, 951.3847, 192.3521
72907, 72908, 912.9435, 179.6437
72909, 72910, 867.8625, 269.6828
72911, 72912, 907.1848, 155.6423
72913, 72914, 833.5835, 173.6548
72915, 72916, 889.9146, 230.2610
72917, 72918, 957.8841, 249.7622
72919, 72920, 991.7805, 213.2674
72921, 72922, 915.2995, 209.7283
72923, 72924, 975.5914, 227.9785
72925, 72926, 855.9038, 220.4545
72927, 72928, 821.4548, 236.6316
72929, 72930, 1025.4961, 195.0807
72931, 72932, 946.6841, 237.4282
72933, 72934, 884.4252, 206.3402
72935, 72936, 996.2709, 242.8995
72937, 72938, 931.9080, 218.9414
72939, 72940, 989.4215, 227.1462
72941, 72942, 970.6189, 211.7032
72943, 72944, 979.1815, 214.8237
72945, 72946, 827.1506, 173.7866
72947, 72948, 906.2021, 196.4969
72949, 72950, 750.7048, 183.9255
72951, 72952, 888.0662, 222.5792
72953, 72954, 827.4835, 202.8147
72955, 72956, 1139.6004, 211.3577
72957, 72958, 1008.1059, 214.8050
72959, 72960, 909.1715, 218.7664
72961, 72962, 924.3033, 233.3361
72963, 72964, 945.0444, 201.6119
72965, 72966, 957.6024, 235.1285
72967, 72968, 1072.9833, 242.1773
72969, 72970, 991.9648, 197.7557
72971, 72972, 952.4560, 223.8170
72973, 72974, 1010.9508, 166.9485
72975, 72976, 822.6181, 195.1176
72977, 72978, 944.2707, 222.8134
72979, 72980, 922.4059, 245.5681
72981, 72982, 942.6773, 189.6634
72983, 72984, 794.1399, 217.2685
72985, 72986, 1072.5964, 245.6252
72987, 72988, 795.8395, 248.7910
72989, 72990, 1099.7965, 228.5669
72991, 72992, 915.9867, 266.5736
72993, 72994, 983.8294, 234.5934
72995, 72996, 963.4787, 218.8596
72997, 72998, 777.6874, 213.8925
72999, 73000, 987.8381, 185.8933
73001, 73002, 887.4784, 225.6489
73003, 73004, 1097.9293, 240.7953
73005, 73006, 854.3145, 218.0349
73007, 73008, 850.3931, 204.2560
73009, 73010, 776.3922, 212.9637
73011, 73012, 850.2200, 175.8992
73013, 73014, 814.8920, 204.2158
73015, 73016, 713.9530, 185.2932
73017, 73018, 798.8050, 185.6322
73019, 73020, 854.2043, 214.5703
73021, 73022, 607.2686, 173.2798
73023, 73024, 921.8165, 197.2887
73025, 73026, 809.9235, 154.4542
73027, 73028, 924.6011, 212.4238
73029, 73030, 797.4963, 217.8883
73031, 73032, 804.9131, 209.2382
73033, 73034, 662.6220, 142.5350
73035, 73036, 773.5677, 188.2287
73037, 73038, 806.0541, 203.7519
73039, 73040, 849.0802, 190.9098
73041, 73042, 862.9913, 244.3302
73043, 73044, 840.6590, 211.9837
73045, 73046, 810.5464, 234.5311
73047, 73048, 796.2024, 205.6380
73049, 73050, 728.3639, 235.3140
73051, 73052, 863.9208, 210.0536
73053, 73054, 866.0764, 205.7045
73055, 73056, 799.8043, 191.6100
73057, 73058, 893.3574, 218.1042
73059, 73060, 740.0375, 232.2983
73061, 73062, 715.4567, 169.6360
73063, 73064, 689.5270, 189.3120
73065, 73066, 707.8457, 186.3830
73067, 73068, 770.9995, 195.1456
73069, 73070, 942.3585, 219.8887
73071, 73072, 869.6482, 193.8371
73073, 73074, 869.2840, 241.1949
73075, 73076, 897.7462, 228.4198
73077, 73078, 883.8445, 195.1562
73079, 73080, 981.7974, 248.5598
73081, 73082, 947.1786, 207.6680
73083, 73084, 820.1531, 213.5362
73085, 73086, 821.6739, 242.3029
73087, 73088, 1024.4872, 253.1930
73089, 73090, 883.4562, 207.7848
73091, 73092, 907.8114, 213.5690
73093, 73094, 866.6659, 188.9274
73095, 73096, 797.3787, 205.6689
73097, 73098, 800.5508, 253.2424
73099, 73100, 834.0551, 213.5160
73101, 73102, 899.8505, 240.4544
73103, 73104, 862.0345, 228.5198
73105, 73106, 872.0155, 257.2253
73107, 73108, 944.2471, 275.2836
73109, 73110, 877.2474, 182.9754
73111, 73112, 782.6310, 177.1579
73113, 73114, 979.9241, 228.1180
73115, 73116, 1227.0554, 249.9632
73117, 73118, 854.4347, 203.8842
73119, 73120, 952.4670, 229.5484
73121, 73122, 912.0545, 228.9546
73123, 73124, 775.8771, 184.8320
73125, 73126, 1007.3741, 228.0991
73127, 73128, 926.6470, 201.3008
73129, 73130, 1140.0050, 226.5973
73131, 73132, 760.9619, 210.9397
73133, 73134, 915.5049, 231.1503
73135, 73136, 1322.5064, 307.8897
73137, 73138, 879.2208, 273.7689
73139, 73140, 984.0888, 270.2825
73141, 73142, 868.9758, 234.0954
73143, 73144, 963.2702, 270.9310
73145, 73146, 1131.0876, 258.3232
73147, 73148, 1034.9536, 302.6321
73149, 73150, 999.3616, 269.2097
73151, 73152, 794.3449, 217.8946
73153, 73154, 940.7497, 228.5378
73155, 73156, 760.7340, 226.9982
73157, 73158, 771.6058, 207.3766
73159, 73160, 895.0680, 209.9546
73161, 73162, 820.5410, 192.6182
73163, 73164, 785.6272, 226.0960
73165, 73166, 864.6463, 272.7686
73167, 73168, 937.2797, 236.8799
73169, 73170, 893.1480, 207.8737
73171, 73172, 673.4805, 220.7575
73173, 73174, 783.3815, 209.9018
73175, 73176, 922.1729, 252.3165
73177, 73178, 864.5359, 200.2115
73179, 73180, 834.1929, 229.0273
73181, 73182, 807.9193, 212.8685
73183, 73184, 689.8113, 215.6798
73185, 73186, 912.4391, 239.1426
73187, 73188, 822.7930, 219.0959
73189, 73190, 802.5342, 232.4075
73191, 73192, 878.2311, 226.4055
73193, 73194, 712.2536, 202.2449
73195, 73196, 652.2334, 252.9610
73197, 73198, 690.7417, 208.7520
73199, 73200, 824.6100, 288.2670
73201, 73202, 882.8057, 216.7260
73203, 73204, 745.3842, 236.1527
73205, 73206, 881.9138, 239.3787
73207, 73208, 685.6516, 240.8559
73209, 73210, 885.2226, 242.3176
73211, 73212, 710.3481, 217.7243
73213, 73214, 696.9597, 227.8822
73215, 73216, 665.1143, 282.6158
73217, 73218, 814.8975, 201.3296
73219, 73220, 764.7422, 217.1434
73221, 73222, 866.2187, 259.6489
73223, 73224, 725.5651, 236.3056
73225, 73226, 885.9499, 221.9443
73227, 73228, 862.6187, 247.0104
73229, 73230, 957.3089, 325.0398
73231, 73232, 814.6775, 185.8729
73233, 73234, 752.0626, 189.9787
73235, 73236, 749.0535, 220.8419
73237, 73238, 816.0556, 220.4210
73239, 73240, 795.8145, 250.0854
73241, 73242, 786.9130, 210.7158
73243, 73244, 757.1138, 274.2244
73245, 73246, 835.8740, 239.5848
73247, 73248, 864.6603, 278.4123
73249, 73250, 922.7357, 225.8739
73251, 73252, 789.3380, 224.0287
73253, 73254, 734.6362, 237.4055
73255, 73256, 985.8436, 279.7190
73257, 73258, 912.4496, 246.4634
73259, 73260, 967.9669, 255.9866
73261, 73262, 1010.6894, 290.7281
73263, 73264, 898.7965, 213.5656
73265, 73266, 1029.3886, 244.1571
73267, 73268, 1071.2213, 268.5526
73269, 73270, 968.3875, 271.7198
73271, 73272, 839.3519, 233.5175
73273, 73274, 1026.4640, 259.3035
73275, 73276, 851.8787, 267.7194
73277, 73278, 1059.2227, 224.9653
73279, 73280, 898.3942, 238.9299
73281, 73282, 900.2582, 259.3436
73283, 73284, 948.1966, 273.0091
73285, 73286, 847.1383, 237.7886
73287, 73288, 1029.8308, 260.5468
73289, 73290, 950.0299, 288.4180
73291, 73292, 872.5980, 263.9270
73293, 73294, 996.0892, 259.2998
73295, 73296, 850.6027, 229.7632
73297, 73298, 878.9067, 231.1917
73299, 73300, 978.4278, 260.7911
73301, 73302, 1107.3285, 278.5151
73303, 73304, 948.0440, 240.5020
73305, 73306, 794.8576, 257.6370
73307, 73308, 869.1478, 223.0414
73309, 73310, 1001.9230, 243.0004
73311, 73312, 945.8165, 243.2726
73313, 73314, 998.0898, 273.7563
73315, 73316, 915.0878, 242.0673
73317, 73318, 960.5868, 245.6289
73319, 73320, 965.3024, 192.3015
73321, 73322, 840.5824, 193.0097
73323, 73324, 1031.4571, 234.1810
73325, 73326, 971.9012, 269.6091
73327, 73328, 1010.0902, 265.7730
73329, 73330, 956.4571, 233.8288
73331, 73332, 988.4553, 248.9138
73333, 73334, 968.9790, 280.1635
73335, 73336, 1033.2909, 261.3669
73337, 73338, 878.0553, 224.9330
73339, 73340, 922.7853, 224.6742
73341, 73342, 965.4057, 237.5505
73343, 73344, 986.2441, 236.0841
73345, 73346, 792.5098, 268.7049
73347, 73348, 834.8825, 203.9125
73349, 73350, 765.2509, 210.7168
73351, 73352, 985.6802, 265.1396
73353, 73354, 911.9718, 202.5748
73355, 73356, 994.6918, 282.5431
73357, 73358, 1017.1329, 254.9098
73359, 73360, 1006.4160, 228.9583
73361, 73362, 1076.4982, 264.8897
73363, 73364, 817.9352, 188.8593
73365, 73366, 863.4866, 238.8106
73367, 73368, 781.8772, 207.7241
73369, 73370, 825.1085, 241.5359
73371, 73372, 815.6529, 235.0781
73373, 73374, 832.2524, 247.7855
73375, 73376, 956.5998, 250.9269
73377, 73378, 837.9450, 251.7404
73379, 73380, 1064.3418, 277.2473
73381, 73382, 836.5167, 251.7343
73383, 73384, 872.6529, 257.5666
73385, 73386, 857.2153, 215.1871
73387, 73388, 933.7669, 224.7921
73389, 73390, 914.5360, 218.2676
73391, 73392, 866.1023, 239.8430
73393, 73394, 854.1159, 208.8871
73395, 73396, 832.0240, 242.2207
73397, 73398, 1040.3467, 279.1251
73399, 73400, 885.2459, 272.1030
73401, 73402, 826.6298, 236.3521
73403, 73404, 985.6417, 222.6007
73405, 73406, 787.1963, 233.2002
73407, 73408, 955.0131, 225.6621
73409, 73410, 864.4129, 250.5035
73411, 73412, 796.2926, 214.7328
73413, 73414, 843.7190, 242.4687
73415, 73416, 910.5386, 281.5181
73417, 73418, 722.1978, 180.8194
73419, 73420, 743.3891, 184.2847
73421, 73422, 815.5788, 204.4366
73423, 73424, 823.1479, 209.4419
73425, 73426, 781.3485, 198.2028
73427, 73428, 847.1411, 215.9909
73429, 73430, 842.1339, 288.1296
73431, 73432, 898.9291, 273.0328
73433, 73434, 908.8412, 232.2246
73435, 73436, 933.3572, 236.5949
73437, 73438, 1080.0099, 286.3230
73439, 73440, 1003.0558, 225.1328
73441, 73442, 1049.0370, 266.1044
73443, 73444, 956.7523, 249.1710
73445, 73446, 1069.9626, 271.5339
73447, 73448, 1171.1394, 265.7937
73449, 73450, 1084.4111, 287.2739
73451, 73452, 1089.7803, 317.0067
73453, 73454, 1089.7066, 237.9294
73455, 73456, 1205.3919, 235.7287
73457, 73458, 1065.7623, 260.7164
73459, 73460, 1041.5661, 272.2629
73461, 73462, 972.1912, 262.8201
73463, 73464, 1082.4441, 253.7813
73465, 73466, 1085.0297, 234.4741
73467, 73468, 992.8755, 273.8079
73469, 73470, 918.6116, 251.8212
73471, 73472, 1246.1898, 288.0067
73473, 73474, 1043.0994, 229.4655
73475, 73476, 974.0336, 234.6945
73477, 73478, 1282.0690, 278.8966
73479, 73480, 1147.9698, 251.1558
73481, 73482, 936.1002, 240.3716
73483, 73484, 1062.3087, 214.1952
73485, 73486, 1020.5560, 272.6703
73487, 73488, 1073.4533, 242.2585
73489, 73490, 1086.0783, 267.4222
73491, 73492, 1054.2262, 282.6886
73493, 73494, 1136.2322, 249.4255
73495, 73496, 1168.6606, 279.6598
73497, 73498, 1154.4173, 298.8652
73499, 73500, 1049.5781, 263.0616
73501, 73502, 980.7062, 261.8969
73503, 73504, 1058.2943, 266.6170
73505, 73506, 1163.6783, 300.8891
73507, 73508, 1181.6602, 275.7528
73509, 73510, 1344.6768, 283.1530
73511, 73512, 1392.7124, 282.9988
73513, 73514, 1294.7057, 290.8955
73515, 73516, 1085.7242, 276.0959
73517, 73518, 1227.2736, 290.9578
73519, 73520, 1111.0227, 295.2420
73521, 73522, 1175.9143, 289.3469
73523, 73524, 1279.1579, 328.8074
73525, 73526, 1564.7524, 271.0998
73527, 73528, 1264.1656, 261.6138
73529, 73530, 1259.2118, 297.6406
73531, 73532, 1447.2617, 311.2741
73533, 73534, 1406.8095, 277.3525
73535, 73536, 1207.6836, 264.6499
73537, 73538, 1284.0018, 289.4079
73539, 73540, 1005.5890, 267.1421
73541, 73542, 1382.8517, 281.5958
73543, 73544, 960.2050, 259.3122
73545, 73546, 1284.1318, 267.1891
73547, 73548, 1132.6590, 289.7510
73549, 73550, 1105.4531, 268.3958
73551, 73552, 973.1778, 288.8288
73553, 73554, 1126.8710, 295.4198
73555, 73556, 1036.0771, 239.0437
73557, 73558, 1067.4005, 289.2542
73559, 73560, 986.8093, 260.8493
73561, 73562, 973.2470, 267.0877
73563, 73564, 1359.5182, 268.4313
73565, 73566, 1022.8466, 211.8423
73567, 73568, 926.9908, 258.4792
73569, 73570, 914.8838, 230.6849
73571, 73572, 963.7038, 256.7283
73573, 73574, 792.6723, 203.5761
73575, 73576, 898.7308, 221.1348
73577, 73578, 949.0306, 209.0282
73579, 73580, 911.0943, 237.7129
73581, 73582, 787.4284, 220.7097
73583, 73584, 876.4315, 240.2916
73585, 73586, 967.7586, 227.7776
73587, 73588, 914.3228, 220.1960
73589, 73590, 823.5325, 240.3098
73591, 73592, 867.1091, 238.3375
73593, 73594, 1102.2850, 225.0300
73595, 73596, 964.7089, 265.2815
73597, 73598, 960.7340, 276.4978
73599, 73600, 858.7093, 259.3070
73601, 73602, 898.9047, 233.3376
73603, 73604, 723.0484, 176.8309
73605, 73606, 997.7565, 234.1209
