frappe-CH2O_C130_20140731_R1.ict
280,1001
Alan Fried, Petter Weibring, Dirk Richter and James Walega
The University of Colorado at Boulder - INSTAAR
Formaldehyde on the NCAR C130 Employing the Compact Atmospheric Multi-species Spectrometer (CAMS) During FRAPPE
FRAPPE
1, 1
2014, 07, 31, 2015, 1, 23
0
CH2O_Start_SOD_UTC, secondsUTC, seconds since 00:00:00 UTC
8
1, 1, 1, 1, 1, 1, 1,1
-9999,-9999,-9999,-9999,-9999,-9999,-9999,-9999
CH2O_Stop_SOD_UTC, secondsUTC, seconds since 00:00:00 UTC
CH2O_Mid_SOD_UTC, secondsUTC, seconds since 00:00:00 UTC
CH2O_pptv, pptv, 1 second data or a longer averaging period as mixing ratio by volume
CH2O_sdev, pptv, 1 second standard deviation reported as fit precisions or standard deviation over averaging time period as mixing ratio by volume
CH2O_cnt, cnt, number of measurements in averaging period
CH20_LOD_pptv, pptv, Limit of Detection
CH2O_SMU_pptv, pptv, Systematic Measurement Uncertainty
CH2O_TMU_pptv, pptv, Total Measurement Uncertainty
237

*****************  FRAPPE Experiment Colorado Deployment  *****************



Deployment:             July 2014 - August 2014

Aircraft:              The NCAR C130 Aircraft


*****************   USE OF THIS DATA REQUIRES   *****************


USERS OF THIS DATA ARE STRONGLY ENCOURAGED TO CONTACT THE EXPERIMENTERS,
AND ANY PRESENTATION OR PUBLICATION OF THE DATA CONTAINED IN THIS FILE
SHOULD ACKNOWLEDGE THE "UNIVERSITY OF COLORADO - INSTAAR"


*****************        Data Availability *****************

		RF01	20140726
		RF02	20140727
		RF03	20140728
		RF04	20140729
		RF05	20140731
		RF06	20140802
		RF07	20140803
		RF08	20140806
		RF09	20140807
		RF10	20140808
		RF11	20140811
		RF12	20140812
		RF13	20140815
		RF14	20140816
		RF15	20140818
    


*****************   Data Reported In This File  *****************

CH2O_Start_SOD_UTC   - Start time of averaging period (seconds since 00:00:00 UTC)
CH2O_Stop_SOD_UTC    - Stop  time of averaging period (seconds since 00:00:00 UTC)
CH2O_Mid_SOD_UTC     - Mid   time of averaging period (seconds since 00:00:00 UTC)
CH2O_pptv            - CH2O mixing ratio              (pptv)
CH2O_sdev            - Standard deviation of measurements of CH2O mixing ratio in averaging period, for 1 sec data this is the fit precision (pptv)
CH2O_cnt             - number of measurements in averaging period
CH20_LOD_pptv        - 1 Sigma Limit of Detection                        (pptv)
CH2O_SMU_pptv        - 1 Sigma Systematic Measurement Uncertainty        (pptv)
CH2O_TMU_pptv        - 1 Sigma Total Measurement Uncertainty             (pptv)


*****************      Principal Investigator   *****************


                       Alan Fried
                       University of Colorado - INSTAAR
             mail:     1560 30th ST, 450 UCB, Boulder CO 80309
             shipping: 1560 30th ST, 450 UCB, Boulder CO 80309
             phone:    303-492-7559
             fax:      303-492-6388
             email:    alan.fried@colorado.edu

********************************************************************************

***  Difference Frequency Generation (DFG): Data Acquisition Frequency & Data Reduction

A room temperature tunable IR laser source based upon difference frequency
generation using two different laser pairs mixed in a non-linear crystal
[...]
employ these fit precisions in our uncertainty estimates in the present data sets.
Future use of these fit precisions must first await a more comprehensive study of the relationship
between fit and replicate precision estimates as a function of the ambient levels, including ambient
methanol levels. 

The overall total uncertainty was then derived by quadrature addition of
the systematic term with the LOD, both at the 1 sigma levels.
*****************************************************************************************************************************************

21

PI_CONTACT_INFO: Address: University of Colorado - INSTAAR, 1560 30th ST, 450 UCB, Boulder, CO 80309; email: alan.fried@colorado.edu; 303-492-7559
PLATFORM: NCAR C130 Aircraft
LOCATION: Latitude, longitude and elevation data are included in the data records.
ASSOCIATED_DATA: N/A
INSTRUMENT_INFO: CAMS
DATA_INFO: See Text
UNCERTAINTY: See Text
ULOD_FLAG: -77777777
ULOD_VALUE: N/A
LLOD_FLAG: -88888888
LLOD_VALUE: N/A
DM_CONTACT_INFO: N/A
PROJECT_INFO: FRAPPE
OTHER_COMMENTS: N/A
STIPULATIONS_ON_USE: USERS OF THIS DATA ARE STRONGLY ENCOURAGED TO CONTACT THE EXPERIMENTERS, AND ANY PRESENTATION OR PUBLICATION OF THE DATA CONTAINED IN THIS FILE SHOULD ACKNOWLEDGE THE "UNIVERSITY OF COLORADO - INSTAAR"
REVISION: R1
R0: time adjustment HAS NOT BEEN DONE, MeOH correction has been made
R1: Fit precisions inadvertantly left out, now included with no change to CH2O mixing ratio

CH2O_Start_SOD_UTC, CH2O_Stop_SOD_UTC, CH2O_Mid_SOD_UTC, CH2O_pptv, CH2O_sdev, CH2O_cnt, CH20_LOD_pptv, CH2O_SMU_pptv, CH2O_TMU_pptv
[from data line 7280]
81983,81984,81983.50,1110,64,1,74,48,88
81984,81985,81984.50,1116,59,1,74,48,88
81985,81986,81985.50,1184,53,1,74,51,90
81986,81987,81986.50,1290,58,1,74,55,92
81987,81988,81987.50,1137,53,1,74,49,89
81988,81989,81988.50,1229,54,1,74,53,91
81989,81990,81989.50,1154,55,1,74,50,89
81990,81991,81990.50,1036,64,1,74,45,86
81991,81992,81991.50,1137,58,1,74,49,89
81992,81993,81992.50,1157,64,1,74,50,89
81993,81994,81993.50,1091,73,1,74,47,88
81994,81995,81994.50,1177,58,1,74,51,90
81995,81996,81995.50,1114,63,1,74,48,88
81996,81997,81996.50,1233,56,1,74,53,91
81997,81998,81997.50,1181,54,1,74,51,90
81998,81999,81998.50,1076,56,1,74,46,87
81999,82000,81999.50,1146,56,1,74,49,89
82000,82001,82000.50,1187,55,1,74,51,90
82001,82002,82001.50,1064,61,1,74,46,87
82002,82003,82002.50,1150,71,1,74,49,89
82003,82004,82003.50,1138,81,1,74,49,89
82004,82005,82004.50,1123,49,1,74,48,88
82005,82006,82005.50,1167,52,1,74,50,89
82006,82007,82006.50,1181,55,1,74,51,90
82007,82008,82007.50,1100,55,1,74,47,88
82008,82009,82008.50,1170,59,1,74,50,89
82009,82010,82009.50,966,50,1,74,42,85
82010,82011,82010.50,1191,54,1,74,51,90
82011,82012,82011.50,1114,53,1,74,48,88
82012,82013,82012.50,1148,54,1,74,49,89
82013,82014,82013.50,1117,53,1,74,48,88
82014,82015,82014.50,1072,59,1,74,46,87
82015,82016,82015.50,1123,51,1,74,48,88
82016,82017,82016.50,1031,65,1,74,44,86
82017,82018,82017.50,1003,68,1,74,43,86
82018,82019,82018.50,1113,47,1,74,48,88
82019,82020,82019.50,1018,52,1,74,44,86
82020,82021,82020.50,1136,54,1,74,49,89
82021,82022,82021.50,1078,51,1,74,46,87
82022,82023,82022.50,1023,57,1,74,44,86
82023,82024,82023.50,1025,58,1,74,44,86
82024,82025,82024.50,1167,53,1,74,50,89
82025,82026,82025.50,1063,49,1,74,46,87
82026,82027,82026.50,1216,48,1,74,52,91
82027,82028,82027.50,1166,54,1,74,50,89
82028,82029,82028.50,1140,53,1,74,49,89
82029,82030,82029.50,1284,57,1,74,55,92
82030,82031,82030.50,1265,60,1,74,54,92
82031,82032,82031.50,1232,62,1,74,53,91
82032,82033,82032.50,1269,57,1,74,55,92
82033,82034,82033.50,1251,59,1,74,54,91
82034,82035,82034.50,1232,54,1,74,53,91
82035,82036,82035.50,1193,57,1,74,51,90
82036,82037,82036.50,1107,65,1,74,48,88
82037,82038,82037.50,1149,76,1,74,49,89
82038,82039,82038.50,1108,60,1,74,48,88
82039,82040,82039.50,1196,64,1,74,51,90
82040,82041,82040.50,1079,75,1,74,46,87
82041,82042,82041.50,1125,54,1,74,48,88
82042,82043,82042.50,1083,57,1,74,47,87
82043,82044,82043.50,1164,63,1,74,50,89
82044,82045,82044.50,1003,73,1,74,43,86
82045,82046,82045.50,1046,64,1,74,45,87
82046,82047,82046.50,1047,45,1,74,45,87
82047,82048,82047.50,999,50,1,74,43,86
82048,82049,82048.50,1105,65,1,74,48,88
82049,82050,82049.50,1002,60,1,74,43,86
82050,82051,82050.50,910,69,1,74,39,84
82051,82052,82051.50,982,69,1,74,42,85
82052,82053,82052.50,1098,45,1,74,47,88
82053,82054,82053.50,1063,51,1,74,46,87
82054,82055,82054.50,1055,58,1,74,45,87
82055,82056,82055.50,1055,50,1,74,45,87
82056,82057,82056.50,1074,52,1,74,46,87
82057,82058,82057.50,1032,56,1,74,44,86
82058,82059,82058.50,1015,56,1,74,44,86
82059,82060,82059.50,1197,61,1,74,51,90
82060,82061,82060.50,997,73,1,74,43,86
82061,82062,82061.50,943,87,1,74,41,84
82062,82063,82062.50,1019,48,1,74,44,86
82063,82064,82063.50,1192,62,1,74,51,90
82064,82065,82064.50,1058,63,1,74,45,87
82065,82066,82065.50,945,68,1,74,41,84
82066,82067,82066.50,986,77,1,74,42,85
82067,82068,82067.50,1114,75,1,74,48,88
82068,82069,82068.50,943,81,1,74,41,84
82069,82070,82069.50,1139,59,1,74,49,89
82070,82071,82070.50,1063,59,1,74,46,87
82071,82072,82071.50,1062,61,1,74,46,87
82072,82073,82072.50,1048,75,1,74,45,87
82073,82074,82073.50,1051,76,1,74,45,87
82074,82075,82074.50,1067,70,1,74,46,87
82075,82076,82075.50,1077,67,1,74,46,87
82076,82077,82076.50,1025,75,1,74,44,86
82077,82078,82077.50,949,95,1,74,41,85
82078,82079,82078.50,1107,92,1,74,48,88
82079,82080,82079.50,1113,61,1,74,48,88
82080,82081,82080.50,1061,81,1,74,46,87
82081,82082,82081.50,1029,59,1,74,44,86
82082,82083,82082.50,1203,72,1,74,52,90
82083,82084,82083.50,1272,64,1,74,55,92
82084,82085,82084.50,1173,73,1,74,50,90
82085,82086,82085.50,1147,66,1,74,49,89
82086,82087,82086.50,1137,70,1,74,49,89
82087,82088,82087.50,1258,58,1,74,54,92
82088,82089,82088.50,1250,60,1,74,54,91
82089,82090,82089.50,1240,52,1,74,53,91
82090,82091,82090.50,1117,56,1,74,48,88
82091,82092,82091.50,1042,91,1,74,45,87
82092,82093,82092.50,1141,82,1,74,49,89
82093,82094,82093.50,1125,82,1,74,48,88
82094,82095,82094.50,976,95,1,74,42,85
82095,82096,82095.50,1108,93,1,74,48,88
82096,82097,82096.50,963,94,1,74,41,85
82097,82098,82097.50,1128,87,1,74,49,88
82098,82099,82098.50,939,74,1,74,40,84
82099,82100,82099.50,1137,87,1,74,49,89
82100,82101,82100.50,1179,107,1,74,51,90
82139,82140,82139.50,844,95,1,74,36,82
82140,82141,82140.50,914,100,1,74,39,84
82141,82142,82141.50,797,80,1,74,34,82
82142,82143,82142.50,1049,56,1,74,45,87
82143,82144,82143.50,989,63,1,74,43,85
82144,82145,82144.50,1023,61,1,74,44,86
82145,82146,82145.50,1026,57,1,74,44,86
82146,82147,82146.50,956,50,1,74,41,85
82147,82148,82147.50,960,69,1,74,41,85
82148,82149,82148.50,1026,60,1,74,44,86
82149,82150,82149.50,976,47,1,74,42,85
82150,82151,82150.50,1104,63,1,74,47,88
82151,82152,82151.50,1037,84,1,74,45,86
82152,82153,82152.50,1178,66,1,74,51,90
82153,82154,82153.50,1124,44,1,74,48,88
82154,82155,82154.50,1007,53,1,74,43,86
82155,82156,82155.50,1097,53,1,74,47,88
82156,82157,82156.50,1151,70,1,74,49,89
82157,82158,82157.50,1075,58,1,74,46,87
82158,82159,82158.50,1112,60,1,74,48,88
82159,82160,82159.50,974,56,1,74,42,85
82160,82161,82160.50,993,54,1,74,43,85
82161,82162,82161.50,1183,69,1,74,51,90
82162,82163,82162.50,1198,52,1,74,52,90
82163,82164,82163.50,1078,69,1,74,46,87
82164,82165,82164.50,985,71,1,74,42,85
82165,82166,82165.50,1064,79,1,74,46,87
82166,82167,82166.50,1056,70,1,74,45,87
82167,82168,82167.50,1014,60,1,74,44,86
82168,82169,82168.50,1019,67,1,74,44,86
82169,82170,82169.50,1169,68,1,74,50,89
82170,82171,82170.50,936,59,1,74,40,84
82171,82172,82171.50,1107,61,1,74,48,88
82172,82173,82172.50,1075,62,1,74,46,87
82173,82174,82173.50,1133,73,1,74,49,89
82174,82175,82174.50,1058,72,1,74,45,87
82175,82176,82175.50,999,71,1,74,43,86
82176,82177,82176.50,1048,49,1,74,45,87
82177,82178,82177.50,963,71,1,74,41,85
82178,82179,82178.50,996,83,1,74,43,85
82179,82180,82179.50,1148,52,1,74,49,89
82180,82181,82180.50,1079,66,1,74,46,87
82181,82182,82181.50,1168,66,1,74,50,89
82182,82183,82182.50,1019,58,1,74,44,86
82183,82184,82183.50,1063,53,1,74,46,87
82184,82185,82184.50,1218,64,1,74,52,91
82185,82186,82185.50,1233,52,1,74,53,91
82186,82187,82186.50,1046,56,1,74,45,87
82187,82188,82187.50,1035,75,1,74,45,86
82188,82189,82188.50,1158,74,1,74,50,89
82189,82190,82189.50,1085,60,1,74,47,87
82190,82191,82190.50,1187,63,1,74,51,90
82191,82192,82191.50,1001,79,1,74,43,86
82192,82193,82192.50,1116,63,1,74,48,88
82193,82194,82193.50,988,70,1,74,42,85
82194,82195,82194.50,968,55,1,74,42,85
82195,82196,82195.50,996,58,1,74,43,85
82196,82197,82196.50,1075,59,1,74,46,87
82197,82198,82197.50,1122,57,1,74,48,88
82198,82199,82198.50,1145,51,1,74,49,89
82199,82200,82199.50,1141,52,1,74,49,89
82200,82201,82200.50,996,56,1,74,43,85
82201,82202,82201.50,1188,80,1,74,51,90
82202,82203,82202.50,975,65,1,74,42,85
82203,82204,82203.50,1125,57,1,74,48,88
82204,82205,82204.50,1238,56,1,74,53,91
82205,82206,82205.50,1167,50,1,74,50,89
82206,82207,82206.50,1116,52,1,74,48,88
82207,82208,82207.50,1147,55,1,74,49,89
82208,82209,82208.50,1134,53,1,74,49,89
82209,82210,82209.50,999,71,1,74,43,86
82210,82211,82210.50,1076,86,1,74,46,87
82211,82212,82211.50,1129,50,1,74,49,89
82212,82213,82212.50,1094,71,1,74,47,88
82213,82214,82213.50,1125,61,1,74,48,88
82214,82215,82214.50,1068,65,1,74,46,87
82215,82216,82215.50,1058,62,1,74,45,87
82216,82217,82216.50,960,67,1,74,41,85
82217,82218,82217.50,871,71,1,74,37,83
82218,82219,82218.50,781,89,1,74,34,81
82219,82220,82219.50,967,86,1,74,42,85
82220,82221,82220.50,954,52,1,74,41,85
82221,82222,82221.50,1053,61,1,74,45,87
82222,82223,82222.50,990,90,1,74,43,85
82223,82224,82223.50,1090,73,1,74,47,88
82224,82225,82224.50,1040,56,1,74,45,86
82225,82226,82225.50,972,45,1,74,42,85
82226,82227,82226.50,1025,49,1,74,44,86
82227,82228,82227.50,1093,59,1,74,47,88
82228,82229,82228.50,999,56,1,74,43,86
82229,82230,82229.50,1129,53,1,74,49,89
82230,82231,82230.50,1069,61,1,74,46,87
82231,82232,82231.50,1025,64,1,74,44,86
82232,82233,82232.50,999,47,1,74,43,86
82233,82234,82233.50,974,73,1,74,42,85
82234,82235,82234.50,1010,63,1,74,43,86
82235,82236,82235.50,1060,42,1,74,46,87
82236,82237,82236.50,1013,67,1,74,44,86
82237,82238,82237.50,958,58,1,74,41,85
82238,82239,82238.50,1068,51,1,74,46,87
82239,82240,82239.50,1130,47,1,74,49,89
82240,82241,82240.50,874,51,1,74,38,83
82241,82242,82241.50,1009,52,1,74,43,86
82242,82243,82242.50,945,54,1,74,41,84
82243,82244,82243.50,1014,54,1,74,44,86
82244,82245,82244.50,944,49,1,74,41,84
82245,82246,82245.50,983,71,1,74,42,85
82246,82247,82246.50,912,77,1,74,39,84
82247,82248,82247.50,1029,44,1,74,44,86
82248,82249,82248.50,862,71,1,74,37,83
82249,82250,82249.50,848,55,1,74,36,82
82250,82251,82250.50,923,55,1,74,40,84
82251,82252,82251.50,886,61,1,74,38,83
82252,82253,82252.50,997,68,1,74,43,86
82253,82254,82253.50,917,78,1,74,39,84
82254,82255,82254.50,919,66,1,74,40,84
82255,82256,82255.50,953,70,1,74,41,85
82256,82257,82256.50,875,71,1,74,38,83
82257,82258,82257.50,880,59,1,74,38,83
82258,82259,82258.50,935,73,1,74,40,84
82259,82260,82259.50,989,61,1,74,43,85
82260,82261,82260.50,1133,66,1,74,49,89
82261,82262,82261.50,1084,97,1,74,47,87
82262,82263,82262.50,905,69,1,74,39,84
82263,82264,82263.50,1041,98,1,74,45,86
82264,82265,82264.50,985,66,1,74,42,85
82265,82266,82265.50,874,61,1,74,38,83
82266,82267,82266.50,1025,69,1,74,44,86
82267,82268,82267.50,1021,64,1,74,44,86
82268,82269,82268.50,1106,63,1,74,48,88
82269,82270,82269.50,973,77,1,74,42,85
82270,82271,82270.50,1061,65,1,74,46,87
82271,82272,82271.50,983,63,1,74,42,85
82272,82273,82272.50,944,73,1,74,41,84
82273,82274,82273.50,971,81,1,74,42,85
82274,82275,82274.50,984,62,1,74,42,85
82275,82276,82275.50,945,67,1,74,41,84
82276,82277,82276.50,818,56,1,74,35,82
82277,82278,82277.50,929,60,1,74,40,84
82278,82279,82278.50,779,72,1,74,33,81
82279,82280,82279.50,914,71,1,74,39,84
82280,82281,82280.50,841,57,1,74,36,82
82281,82282,82281.50,847,71,1,74,36,82
82282,82283,82282.50,894,78,1,74,38,83
82283,82284,82283.50,1008,59,1,74,43,86
82284,82285,82284.50,929,63,1,74,40,84
82285,82286,82285.50,961,65,1,74,41,85
82286,82287,82286.50,955,60,1,74,41,85
82287,82288,82287.50,792,67,1,74,34,81
82288,82289,82288.50,863,93,1,74,37,83
82289,82290,82289.50,980,70,1,74,42,85
82290,82291,82290.50,736,94,1,74,32,80
82291,82292,82291.50,607,93,1,74,26,78
82292,82293,82292.50,748,76,1,74,32,81
82293,82294,82293.50,616,99,1,74,26,79
82294,82295,82294.50,921,89,1,74,40,84
82295,82296,82295.50,927,71,1,74,40,84
82296,82297,82296.50,1027,68,1,74,44,86
82297,82298,82297.50,1078,61,1,74,46,87
82298,82299,82298.50,921,75,1,74,40,84
82299,82300,82299.50,781,84,1,74,34,81
82300,82301,82300.50,877,63,1,74,38,83
82301,82302,82301.50,812,73,1,74,35,82
82302,82303,82302.50,866,79,1,74,37,83
82303,82304,82303.50,801,66,1,74,34,82
82304,82305,82304.50,800,57,1,74,34,82
82305,82306,82305.50,756,81,1,74,33,81
82306,82307,82306.50,736,83,1,74,32,80
82307,82308,82307.50,802,78,1,74,34,82
82308,82309,82308.50,805,70,1,74,35,82
82309,82310,82309.50,784,58,1,74,34,81
82310,82311,82310.50,811,65,1,74,35,82
82311,82312,82311.50,879,59,1,74,38,83
82312,82313,82312.50,856,63,1,74,37,83
82313,82314,82313.50,898,73,1,74,39,83
82314,82315,82314.50,868,79,1,74,37,83
82315,82316,82315.50,745,68,1,74,32,81
82316,82317,82316.50,780,62,1,74,34,81
82317,82318,82317.50,858,67,1,74,37,83
82318,82319,82318.50,792,52,1,74,34,81
82319,82320,82319.50,758,52,1,74,33,81
82320,82321,82320.50,838,58,1,74,36,82
82321,82322,82321.50,683,60,1,74,29,80
82322,82323,82322.50,810,67,1,74,35,82
82323,82324,82323.50,723,76,1,74,31,80
82324,82325,82324.50,768,79,1,74,33,81
82325,82326,82325.50,775,65,1,74,33,81
82326,82327,82326.50,871,64,1,74,37,83
82327,82328,82327.50,896,65,1,74,39,83
82328,82329,82328.50,852,62,1,74,37,83
82329,82330,82329.50,909,63,1,74,39,84
82330,82331,82330.50,715,88,1,74,31,80
82331,82332,82331.50,814,63,1,74,35,82
82332,82333,82332.50,834,76,1,74,36,82
82333,82334,82333.50,714,66,1,74,31,80
82334,82335,82334.50,788,63,1,74,34,81
82335,82336,82335.50,876,60,1,74,38,83
82336,82337,82336.50,942,69,1,74,41,84
82337,82338,82337.50,1032,61,1,74,44,86
82338,82339,82338.50,887,80,1,74,38,83
82339,82340,82339.50,830,65,1,74,36,82
82340,82341,82340.50,797,72,1,74,34,82
82341,82342,82341.50,804,68,1,74,35,82
82342,82343,82342.50,800,75,1,74,34,82
82343,82344,82343.50,654,63,1,74,28,79
82344,82345,82344.50,633,58,1,74,27,79
82345,82346,82345.50,751,75,1,74,32,81
82346,82347,82346.50,792,71,1,74,34,81
82347,82348,82347.50,745,60,1,74,32,81
82348,82349,82348.50,732,67,1,74,31,80
82349,82350,82349.50,742,80,1,74,32,81
82350,82351,82350.50,740,79,1,74,32,81
82351,82352,82351.50,555,81,1,74,24,78
82352,82353,82352.50,549,83,1,74,24,78
82353,82354,82353.50,697,58,1,74,30,80
82354,82355,82354.50,656,84,1,74,28,79
82355,82356,82355.50,728,97,1,74,31,80
82356,82357,82356.50,732,72,1,74,31,80
82357,82358,82357.50,753,58,1,74,32,81
82358,82359,82358.50,805,75,1,74,35,82
82359,82360,82359.50,860,63,1,74,37,83
82360,82361,82360.50,893,61,1,74,38,83
82361,82362,82361.50,683,90,1,74,29,80
82362,82363,82362.50,743,66,1,74,32,81
82363,82364,82363.50,809,72,1,74,35,82
82364,82365,82364.50,851,68,1,74,37,83
82365,82366,82365.50,829,60,1,74,36,82
82366,82367,82366.50,894,60,1,74,38,83
82367,82368,82367.50,906,59,1,74,39,84
82368,82369,82368.50,955,76,1,74,41,85
82369,82370,82369.50,883,76,1,74,38,83
82370,82371,82370.50,817,76,1,74,35,82
82371,82372,82371.50,871,63,1,74,37,83
82372,82373,82372.50,863,65,1,74,37,83
82373,82374,82373.50,1017,66,1,74,44,86
82374,82375,82374.50,706,63,1,74,30,80
82375,82376,82375.50,840,55,1,74,36,82
82376,82377,82376.50,992,58,1,74,43,85
82377,82378,82377.50,1179,63,1,74,51,90
82378,82379,82378.50,1088,61,1,74,47,88
82379,82380,82379.50,1145,64,1,74,49,89
82380,82381,82380.50,1036,67,1,74,45,86
82381,82382,82381.50,1041,75,1,74,45,86
82382,82383,82382.50,1180,71,1,74,51,90
82383,82384,82383.50,1137,71,1,74,49,89
82384,82385,82384.50,1017,77,1,74,44,86
82385,82386,82385.50,962,69,1,74,41,85
82386,82387,82386.50,1003,64,1,74,43,86
82387,82388,82387.50,1127,58,1,74,48,88
82388,82389,82388.50,958,79,1,74,41,85
82389,82390,82389.50,971,63,1,74,42,85
82390,82391,82390.50,773,98,1,74,33,81
82391,82392,82391.50,938,93,1,74,40,84
82392,82393,82392.50,978,77,1,74,42,85
82393,82394,82393.50,1032,71,1,74,44,86
82394,82395,82394.50,1001,63,1,74,43,86
82395,82396,82395.50,940,78,1,74,40,84
82396,82397,82396.50,1025,62,1,74,44,86
82397,82398,82397.50,1021,69,1,74,44,86
82398,82399,82398.50,1048,78,1,74,45,87
82399,82400,82399.50,1011,69,1,74,43,86
82400,82401,82400.50,964,68,1,74,41,85
82401,82402,82401.50,958,70,1,74,41,85
82402,82403,82402.50,1154,65,1,74,50,89
82403,82404,82403.50,1078,68,1,74,46,87
82404,82405,82404.50,943,60,1,74,41,84
82405,82406,82405.50,923,52,1,74,40,84
82406,82407,82406.50,1006,68,1,74,43,86
82407,82408,82407.50,892,100,1,74,38,83
82408,82409,82408.50,917,93,1,74,39,84
82409,82410,82409.50,858,83,1,74,37,83
82410,82411,82410.50,911,69,1,74,39,84
82411,82412,82411.50,1078,74,1,74,46,87
82412,82413,82412.50,1004,67,1,74,43,86
82413,82414,82413.50,960,64,1,74,41,85
82414,82415,82414.50,931,66,1,74,40,84
82415,82416,82415.50,870,61,1,74,37,83
82416,82417,82416.50,857,76,1,74,37,83
82417,82418,82417.50,868,75,1,74,37,83
82418,82419,82418.50,1107,64,1,74,48,88
82419,82420,82419.50,1162,69,1,74,50,89
82420,82421,82420.50,924,68,1,74,40,84
82421,82422,82421.50,1138,62,1,74,49,89
82422,82423,82422.50,1140,68,1,74,49,89
82423,82424,82423.50,1058,82,1,74,45,87
82424,82425,82424.50,1171,90,1,74,50,90
