FRAPPE-PCIMS_C130_20140731_R0_3sec.ict
41, 1001
Heikes, Brian G.
University of Rhode Island, bheikes@uri.edu
USNA PCIMS in-situ measurements from C-130 aircraft
FRAPPE 2014
1,1
2014,07,31,2015,01,09
0
UTC_start,seconds,start UTC time for the measurement period given in seconds from midnight day of takeoff
6
1,1,1,1,1,1
-99999.,-99999.,-99999.,-99999.,-99999.,-99999.
UTC_stop,seconds,stop UTC time for the measurement period given in seconds from midnight
UTC_mid,seconds,mid UTC time for the measurement period given in seconds from midnight
H2O2_ppt, volume_mixing_ratio_of_hydrogen_peroxide_in_air
CH3OOH_ppt, volume_mixing_ratio_of_methyl_hydroperoxide_in_air
HC(O)OH_ppt, volume_mixing_ratio_of_formic_acid_in_air
CH3C(O)OH_ppt, volume_mixing_ratio_of_acetic_acid_in_air
1
SPECIAL COMMENTS:N/A
20
PI_CONTACT_INFO:Brian G. Heikes, Graduate School of Oceanography, University of Rhode Island
PLATFORM: NCAR C-130
LOCATION: The aircraft was stationed in Broomfield, CO.
ASSOCIATED_DATA: N/A
INSTRUMENT_INFO: USNA PCIMS for gas phase measurements of [H2O2], [CH3OOH], [HC(O)OH], and [CH3C(O)OH]
DATA_INFO: Measurements reported in volume mixing ratio, ppt
DM_CONTACT_INFO: Brian H
STIPULATIONS_ON_USE: Use of these data require prior ok from PI.
OTHER_COMMENTS: Failure to comprehend "negative" values means you are a "modeler"
UNCERTAINTY: UTC_stop=N/A; UTC_mid=N/A; H2O2=30%; CH3OOH=30%; H2O2=30%; CH3OOH=30%;
LLOD_FLAG: N/A
LLOD_VALUE: N/A
ULOD_FLAG: N/A
ULOD_VALUE: N/A
REVISION:R0
PROJECT_INFO: FRAPPE Summer 2014, Broomfield, CO
INSTRUMENT_INFO:Peroxide Chemical Ionization Mass Spectrometer (PCIMS)
PLATFORM:C-130 aircraft
R0:final data
UTC_start,UTC_stop,UTC_mid,H2O2_ppt,CH3OOH_ppt,HC(O)OH_ppt,CH3C(O)OH_ppt
[from data line 247]
 72774.1,  72777.0,  72775.5,    1448,  -99999,     585,    2228
 72777.1,  72780.0,  72778.5,    1638,  -99999,     721,    2071
 72780.1,  72783.0,  72781.5,    1360,  -99999,     680,    1187
 72783.1,  72786.0,  72784.5,    1205,  -99999,     497,    2106
 72787.1,  72790.0,  72788.5,    1436,  -99999,     626,    2186
 72790.1,  72793.0,  72791.5,    1738,  -99999,     517,    2738
 72793.1,  72796.0,  72794.5,    1719,  -99999,     524,    1363
 72796.1,  72799.0,  72797.5,     984,  -99999,     612,    1896
 72800.1,  72803.0,  72801.5,    1376,  -99999,     580,    2322
 72803.1,  72806.0,  72804.5,    1613,  -99999,     659,    2508
 72806.1,  72809.0,  72807.5,    1425,  -99999,     657,    2164
 72809.1,  72812.0,  72810.5,    1539,  -99999,     621,    2068
 72813.1,  72816.0,  72814.5,    1098,  -99999,     602,    2003
 72816.1,  72819.0,  72817.5,    1479,  -99999,     527,    2092
 72819.1,  72822.0,  72820.5,    1453,  -99999,     803,    3044
 72822.1,  72825.0,  72823.5,    1202,  -99999,     800,    2253
 72826.1,  72829.0,  72827.5,    1199,  -99999,     515,    2069
 72829.1,  72832.0,  72830.5,    1353,  -99999,     789,    2623
 72832.1,  72835.0,  72833.5,    1368,  -99999,     547,    2159
 72835.1,  72838.0,  72836.5,    1308,  -99999,     729,    2814
 72839.1,  72842.0,  72840.5,    1109,  -99999,     721,    2535
 72842.1,  72845.0,  72843.5,    1376,  -99999,     638,    2602
 72845.1,  72848.0,  72846.5,    1422,  -99999,     701,    2312
 72848.1,  72851.0,  72849.5,    1266,  -99999,     786,    2213
 72852.1,  72855.0,  72853.5,    1386,  -99999,     564,    2491
 72855.1,  72858.0,  72856.5,    1018,  -99999,     549,    1807
 72858.1,  72861.0,  72859.5,    1197,  -99999,     725,    2240
 72861.1,  72864.0,  72862.5,    1059,  -99999,     544,    2136
 72865.1,  72868.0,  72866.5,     975,  -99999,     702,    1751
 72868.1,  72871.0,  72869.5,    1241,  -99999,     534,    1991
 72871.1,  72874.0,  72872.5,    1270,  -99999,     678,    2827
 72874.1,  72877.0,  72875.5,    1343,  -99999,     575,    2264
 72878.1,  72881.0,  72879.5,    1066,  -99999,     564,    1697
 72881.1,  72884.0,  72882.5,    1518,  -99999,     421,    2109
 72884.1,  72887.0,  72885.5,    1065,  -99999,     647,    2779
 72887.1,  72890.0,  72888.5,    1312,  -99999,     856,    3531
 72891.1,  72894.0,  72892.5,    1481,  -99999,     720,    1960
 72894.1,  72897.0,  72895.5,    1344,  -99999,     803,    3153
 72897.1,  72900.0,  72898.5,    1466,  -99999,     475,    1949
 72900.1,  72903.0,  72901.5,    1026,  -99999,     730,    2056
 72904.1,  72907.0,  72905.5,    1521,  -99999,     639,    2511
 72907.1,  72910.0,  72908.5,    1302,  -99999,     833,    2128
 72910.1,  72913.0,  72911.5,    1426,  -99999,     617,    2714
 72913.1,  72916.0,  72914.5,    1485,  -99999,     634,    2950
 72917.1,  72920.0,  72918.5,    1609,  -99999,     477,    2035
 72920.1,  72923.0,  72921.5,     907,  -99999,     441,    1033
 72923.1,  72926.0,  72924.5,    1372,  -99999,     829,    2807
 72926.1,  72929.0,  72927.5,    1463,  -99999,     510,    2542
 72930.1,  72933.0,  72931.5,    1463,  -99999,     629,    2118
 72933.1,  72936.0,  72934.5,    1251,  -99999,     673,    2268
 72936.1,  72939.0,  72937.5,    1580,  -99999,     642,    2248
 72939.1,  72942.0,  72940.5,    1365,  -99999,     640,    2557
 72943.1,  72946.0,  72944.5,    1347,  -99999,     739,    1155
 72946.1,  72949.0,  72947.5,    1370,  -99999,     655,    2375
 72949.1,  72952.0,  72950.5,    1553,  -99999,     579,    2196
 72952.1,  72955.0,  72953.5,    1416,  -99999,     594,    2894
 72956.1,  72959.0,  72957.5,    1496,  -99999,     746,    2515
 72959.1,  72962.0,  72960.5,    1664,  -99999,     634,    2572
 72962.1,  72965.0,  72963.5,    1413,  -99999,     547,    2323
 73125.1,  73128.0,  73126.5,    1494,  -99999,    1121,    2520
 73128.1,  73131.0,  73129.5,    1545,  -99999,    1060,    2038
 73131.1,  73134.0,  73132.5,    1688,  -99999,     656,    2262
 73167.1,  73170.0,  73168.5,    1319,  -99999,     884,    2180
 73170.1,  73173.0,  73171.5,    1849,  -99999,     527,    2173
 73173.1,  73176.0,  73174.5,    1530,  -99999,     442,    2525
 73177.1,  73180.0,  73178.5,    1694,  -99999,     592,    1804
 73180.1,  73183.0,  73181.5,    1396,  -99999,     553,    2560
 73183.1,  73186.0,  73184.5,    1274,  -99999,     664,    3195
 73186.1,  73189.0,  73187.5,    1390,  -99999,     741,    1883
 73190.1,  73193.0,  73191.5,    1567,  -99999,     322,    2313
 73193.1,  73196.0,  73194.5,    1913,  -99999,     546,    2094
 73196.1,  73199.0,  73197.5,    1366,  -99999,     631,    2098
 73199.1,  73202.0,  73200.5,    1332,  -99999,     470,     895
 73203.1,  73206.0,  73204.5,    1200,  -99999,     479,    2389
 73206.1,  73209.0,  73207.5,    1808,  -99999,     463,    1821
 73209.1,  73212.0,  73210.5,    2007,  -99999,     933,    3222
 73212.1,  73215.0,  73213.5,    1769,  -99999,     613,    2039
 73216.1,  73219.0,  73217.5,    1470,  -99999,     686,    2132
 73219.1,  73222.0,  73220.5,    1301,  -99999,     771,    1937
 73222.1,  73225.0,  73223.5,    1309,  -99999,     579,    2027
 73225.1,  73228.0,  73226.5,    1491,  -99999,     591,    1953
 73229.1,  73232.0,  73230.5,    1950,  -99999,     559,    2451
 73232.1,  73235.0,  73233.5,    1648,  -99999,     765,    2290
 73235.1,  73238.0,  73236.5,    1620,  -99999,     725,    1843
 73238.1,  73241.0,  73239.5,    1021,  -99999,     680,    1711
 73242.1,  73245.0,  73243.5,    1342,  -99999,     635,    2360
 73245.1,  73248.0,  73246.5,    1482,  -99999,     672,    1963
 73248.1,  73251.0,  73249.5,    1219,  -99999,     665,    1754
 73251.1,  73254.0,  73252.5,    1232,  -99999,     628,    2511
 73255.1,  73258.0,  73256.5,    1748,  -99999,     619,    2711
 73258.1,  73261.0,  73259.5,    1487,  -99999,     449,    1605
 73261.1,  73264.0,  73262.5,    1356,  -99999,     610,    2680
 73264.1,  73267.0,  73265.5,    1497,  -99999,     836,    2836
 73268.1,  73271.0,  73269.5,    1518,  -99999,     483,    2152
 73271.1,  73274.0,  73272.5,    1348,  -99999,     573,    1906
 73274.1,  73277.0,  73275.5,    1558,  -99999,     704,    2851
 73277.1,  73280.0,  73278.5,    1297,  -99999,     691,    2780
 73280.1,  73283.0,  73281.5,    1615,  -99999,     370,    2172
 73284.1,  73287.0,  73285.5,    1500,  -99999,     528,    2684
 73287.1,  73290.0,  73288.5,    1495,  -99999,     611,    2811
 73290.1,  73293.0,  73291.5,    1457,  -99999,     567,    2498
 73293.1,  73296.0,  73294.5,    1446,  -99999,     354,    1596
 73297.1,  73300.0,  73298.5,    1230,  -99999,     687,    2375
 73300.1,  73303.0,  73301.5,    1653,  -99999,     679,    2443
 73303.1,  73306.0,  73304.5,    1411,  -99999,     420,    1755
 73306.1,  73309.0,  73307.5,    1334,  -99999,     462,    2777
 73310.1,  73313.0,  73311.5,    1430,  -99999,     559,    1987
 73313.1,  73316.0,  73314.5,    1122,  -99999,     643,    2733
 73316.1,  73319.0,  73317.5,    1226,  -99999,     684,    2329
 73319.1,  73322.0,  73320.5,    1448,  -99999,     511,    2201
 73323.1,  73326.0,  73324.5,    1272,  -99999,     517,    2480
 73326.1,  73329.0,  73327.5,    1138,  -99999,     530,    1948
 73329.1,  73332.0,  73330.5,    1472,  -99999,     468,    2468
 73332.1,  73335.0,  73333.5,    1337,  -99999,     503,    1859
 73336.1,  73339.0,  73337.5,    1442,  -99999,     583,    2529
 73339.1,  73342.0,  73340.5,    1580,  -99999,     537,    2266
 73342.1,  73345.0,  73343.5,    1391,  -99999,     553,    2749
 73345.1,  73348.0,  73346.5,    1723,  -99999,     610,    3373
 73349.1,  73352.0,  73350.5,    1785,  -99999,     573,    2250
 73352.1,  73355.0,  73353.5,    1721,  -99999,     590,    1463
 73355.1,  73358.0,  73356.5,    1108,  -99999,     498,    1719
 73358.1,  73361.0,  73359.5,    1540,  -99999,     411,    1974
 73362.1,  73365.0,  73363.5,    1772,  -99999,     436,    2017
 73365.1,  73368.0,  73366.5,    1511,  -99999,     365,    2827
 73368.1,  73371.0,  73369.5,    1713,  -99999,     582,    2272
 73371.1,  73374.0,  73372.5,    1805,  -99999,     569,    2472
 73375.1,  73378.0,  73376.5,    1446,  -99999,     511,    1902
 73378.1,  73381.0,  73379.5,    1723,  -99999,     839,    2303
 73381.1,  73384.0,  73382.5,    1321,  -99999,     438,    1570
 73384.1,  73387.0,  73385.5,    2102,  -99999,     458,    3164
 73388.1,  73391.0,  73389.5,    1776,  -99999,     667,    2605
 73391.1,  73394.0,  73392.5,    1565,  -99999,     412,    1417
 73394.1,  73397.0,  73395.5,    1428,  -99999,     456,    1393
 73397.1,  73400.0,  73398.5,    1370,  -99999,     290,     929
 73401.1,  73404.0,  73402.5,    1757,  -99999,     624,    2328
 73404.1,  73407.0,  73405.5,    1836,  -99999,     502,    1708
 73407.1,  73410.0,  73408.5,    1800,  -99999,     481,    1366
 73410.1,  73413.0,  73411.5,    1767,  -99999,     794,    1787
 73414.1,  73417.0,  73415.5,    2017,  -99999,     565,    1999
 73417.1,  73420.0,  73418.5,    1744,  -99999,     569,    1656
 73420.1,  73423.0,  73421.5,    1624,  -99999,     597,    1703
 73423.1,  73426.0,  73424.5,    1529,  -99999,     671,    2312
 73427.1,  73430.0,  73428.5,    1767,  -99999,     551,    2166
 73430.1,  73433.0,  73431.5,    1353,  -99999,     791,    1670
 73433.1,  73436.0,  73434.5,    1819,  -99999,     580,    2056
 73436.1,  73439.0,  73437.5,    1323,  -99999,     599,    2052
 73440.1,  73443.0,  73441.5,    1605,  -99999,     724,    2353
 73443.1,  73446.0,  73444.5,    1606,  -99999,     677,    2823
 73446.1,  73449.0,  73447.5,    1564,  -99999,     579,    1987
 73449.1,  73452.0,  73450.5,    1436,  -99999,     439,    1907
 73453.1,  73456.0,  73454.5,    1413,  -99999,     775,    3320
 73456.1,  73459.0,  73457.5,    1356,  -99999,     587,    2415
 73459.1,  73462.0,  73460.5,    1762,  -99999,     600,    2338
 73462.1,  73465.0,  73463.5,    1290,  -99999,     632,    2172
 73466.1,  73469.0,  73467.5,    1951,  -99999,     539,    2460
 73469.1,  73472.0,  73470.5,    1462,  -99999,     633,    2464
 73472.1,  73475.0,  73473.5,    1721,  -99999,    1024,    2735
 73475.1,  73478.0,  73476.5,    1444,  -99999,     436,    1996
 73479.1,  73482.0,  73480.5,    1951,  -99999,     689,    2317
 73482.1,  73485.0,  73483.5,    1648,  -99999,     491,    2122
 73485.1,  73488.0,  73486.5,    1488,  -99999,     627,    2696
 73488.1,  73491.0,  73489.5,    1665,  -99999,     550,    2228
 73492.1,  73495.0,  73493.5,    1546,  -99999,     642,    4552
 73495.1,  73498.0,  73496.5,    1986,  -99999,     596,    2327
 73498.1,  73501.0,  73499.5,    1713,  -99999,     616,    3417
 73501.1,  73504.0,  73502.5,    1736,  -99999,     649,    1936
 73505.1,  73508.0,  73506.5,    1636,  -99999,     721,    2480
 73508.1,  73511.0,  73509.5,    1557,  -99999,     728,    3341
 73511.1,  73514.0,  73512.5,    1774,  -99999,     867,    3451
 73514.1,  73517.0,  73515.5,    1595,  -99999,     611,    2189
 73518.1,  73521.0,  73519.5,    1821,  -99999,     762,    3782
 73521.1,  73524.0,  73522.5,    1466,  -99999,     663,    3066
 73524.1,  73527.0,  73525.5,    1914,  -99999,     869,    3160
 73527.1,  73530.0,  73528.5,    1738,  -99999,     666,    3469
 73531.1,  73534.0,  73532.5,    1325,  -99999,     651,    1890
 73534.1,  73537.0,  73535.5,    1493,  -99999,     989,    2731
 73537.1,  73540.0,  73538.5,    1534,  -99999,     809,    3138
 73540.1,  73543.0,  73541.5,    1755,  -99999,     696,    3417
 73544.1,  73547.0,  73545.5,    1573,  -99999,     638,    2571
 73547.1,  73550.0,  73548.5,    1671,  -99999,     870,    3305
 73550.1,  73553.0,  73551.5,    1906,  -99999,     374,    2263
 73553.1,  73556.0,  73554.5,    1504,  -99999,     723,    2049
 73557.1,  73560.0,  73558.5,    1642,  -99999,     521,    1648
 73560.1,  73563.0,  73561.5,    1548,  -99999,     529,    2319
 73563.1,  73566.0,  73564.5,    2020,  -99999,     540,    2136
 73566.1,  73569.0,  73567.5,    1765,  -99999,     825,    2381
 73570.1,  73573.0,  73571.5,    1522,  -99999,     669,    2427
 73573.1,  73576.0,  73574.5,    2013,  -99999,     465,    1392
 73576.1,  73579.0,  73577.5,    1653,  -99999,     746,    2415
 73579.1,  73582.0,  73580.5,    1928,  -99999,    1050,    2451
 73583.1,  73586.0,  73584.5,    1717,  -99999,     730,    2315
 73586.1,  73589.0,  73587.5,    1696,  -99999,     772,    2863
 73589.1,  73592.0,  73590.5,    1708,  -99999,     777,    2673
 73592.1,  73595.0,  73593.5,    1849,  -99999,     891,    3696
 73596.1,  73599.0,  73597.5,    1544,  -99999,     720,    3049
 73599.1,  73602.0,  73600.5,    2134,  -99999,     524,    2121
 73602.1,  73605.0,  73603.5,    1232,  -99999,     914,    2127
 73605.1,  73608.0,  73606.5,    1790,  -99999,     724,    2032
 73609.1,  73612.0,  73610.5,    1628,  -99999,     870,    2169
 73612.1,  73615.0,  73613.5,    1471,  -99999,     661,    1744
 73615.1,  73618.0,  73616.5,    1394,  -99999,     769,    2796
 73618.1,  73621.0,  73619.5,    1737,  -99999,     698,    2642
 73622.1,  73625.0,  73623.5,    1931,  -99999,     914,    2236
 73625.1,  73628.0,  73626.5,    1886,  -99999,     738,    2105
 73628.1,  73631.0,  73629.5,    1462,  -99999,     785,    1952
 73631.1,  73634.0,  73632.5,    1478,  -99999,     690,    1671
 73635.1,  73638.0,  73636.5,    1652,  -99999,    1012,    1761
 73638.1,  73641.0,  73639.5,    1508,  -99999,     839,    1817
 73641.1,  73644.0,  73642.5,    1808,  -99999,     773,    2093
 73644.1,  73647.0,  73645.5,    2070,  -99999,     911,    2137
 73648.1,  73651.0,  73649.5,    1818,  -99999,     806,    2484
 73651.1,  73654.0,  73652.5,    1795,  -99999,     778,    2035
 73654.1,  73657.0,  73655.5,    1550,  -99999,     766,    1939
 73657.1,  73660.0,  73658.5,    1551,  -99999,     735,    1667
 73661.1,  73664.0,  73662.5,    1174,  -99999,     647,    1793
 73664.1,  73667.0,  73665.5,    1822,  -99999,     839,    2312
 73667.1,  73670.0,  73668.5,    1843,  -99999,     721,    2536
 73670.1,  73673.0,  73671.5,    1531,  -99999,     623,    1890
 73674.1,  73677.0,  73675.5,    1737,  -99999,     713,    2126
 73677.1,  73680.0,  73678.5,    1917,  -99999,     713,    2416
 73680.1,  73683.0,  73681.5,    1539,  -99999,     787,    2263
 73683.1,  73686.0,  73684.5,    1748,  -99999,     733,    1821
 73687.1,  73690.0,  73688.5,    1745,  -99999,     486,    2471
 73690.1,  73693.0,  73691.5,    1159,  -99999,     588,    1232
 73693.1,  73696.0,  73694.5,    1535,  -99999,    1012,    2398
 73846.1,  73849.0,  73847.5,    1842,  -99999,     874,    2193
 73849.1,  73852.0,  73850.5,    1926,  -99999,     934,    1712
 73852.1,  73855.0,  73853.5,    1759,  -99999,     793,    1607
 73856.1,  73859.0,  73857.5,    1809,  -99999,    1057,    2187
 73859.1,  73862.0,  73860.5,    1959,  -99999,     875,    1116
 73862.1,  73865.0,  73863.5,    2033,  -99999,     780,    1583
 73865.1,  73868.0,  73866.5,    2008,  -99999,     755,    2213
 73869.1,  73872.0,  73870.5,    1700,  -99999,     810,    1369
 73872.1,  73875.0,  73873.5,    1685,  -99999,     962,    2745
 73875.1,  73878.0,  73876.5,    1888,  -99999,     947,    2053
 73878.1,  73881.0,  73879.5,    1630,  -99999,     853,    1892
 73882.1,  73885.0,  73883.5,    1607,  -99999,     625,    1200
 73885.1,  73888.0,  73886.5,    1729,  -99999,     835,    1724
 73888.1,  73891.0,  73889.5,    1880,  -99999,     750,    1936
 73891.1,  73894.0,  73892.5,    1661,  -99999,     781,    1792
 73895.1,  73898.0,  73896.5,    1891,  -99999,     945,    2199
 73898.1,  73901.0,  73899.5,    1761,  -99999,     678,    1428
 73901.1,  73904.0,  73902.5,    1646,  -99999,     738,    1221
 73904.1,  73907.0,  73905.5,    1579,  -99999,     665,    1576
 73908.1,  73911.0,  73909.5,    1713,  -99999,     889,    1672
