frappe-CH2O_C130_20140731_R1.ict
280,1001
Alan Fried, Petter Weibring, Dirk Richter and James Walega
The University of Colorado at Boulder - INSTAAR
Formaldehyde on the NCAR C130 Employing the Compact Atmospheric Multi-species Spectrometer (CAMS) During FRAPPE
FRAPPE
1, 1
2014, 07, 31, 2015, 1, 23
0
CH2O_Start_SOD_UTC, secondsUTC, seconds since 00:00:00 UTC
8
1, 1, 1, 1, 1, 1, 1,1
-9999,-9999,-9999,-9999,-9999,-9999,-9999,-9999
CH2O_Stop_SOD_UTC, secondsUTC, seconds since 00:00:00 UTC
CH2O_Mid_SOD_UTC, secondsUTC, seconds since 00:00:00 UTC
CH2O_pptv, pptv, 1 second data or a longer averaging period as mixing ratio by volume
CH2O_sdev, pptv, 1 second standard deviation reported as fit precisions or standard deviation over averaging time period as mixing ratio by volume
CH2O_cnt, cnt, number of measurements in averaging period
CH20_LOD_pptv, pptv, Limit of Detection
CH2O_SMU_pptv, pptv, Systematic Measurement Uncertainty
CH2O_TMU_pptv, pptv, Total Measurement Uncertainty
237

*****************  FRAPPE Experiment Colorado Deployment  *****************



Deployment:             July 2014 - August 2014

Aircraft:              The NCAR C130 Aircraft


*****************   USE OF THIS DATA REQUIRES   *****************


USERS OF THIS DATA ARE STRONGLY ENCOURAGED TO CONTACT THE EXPERIMENTERS,
AND ANY PRESENTATION OR PUBLICATION OF THE DATA CONTAINED IN THIS FILE
SHOULD ACKNOWLEDGE THE "UNIVERSITY OF COLORADO - INSTAAR"


*****************        Data Availability *****************

		RF01	20140726
		RF02	20140727
		RF03	20140728
		RF04	20140729
		RF05	20140731
		RF06	20140802
		RF07	20140803
		RF08	20140806
		RF09	20140807
		RF10	20140808
		RF11	20140811
		RF12	20140812
		RF13	20140815
		RF14	20140816
		RF15	20140818
    


*****************   Data Reported In This File  *****************

CH2O_Start_SOD_UTC   - Start time of averaging period (seconds since 00:00:00 UTC)
CH2O_Stop_SOD_UTC    - Stop  time of averaging period (seconds since 00:00:00 UTC)
CH2O_Mid_SOD_UTC     - Mid   time of averaging period (seconds since 00:00:00 UTC)
CH2O_pptv            - CH2O mixing ratio              (pptv)
CH2O_sdev            - Standard deviation of measurements of CH2O mixing ratio in averaging period, for 1 sec data this is the fit precision (pptv)
CH2O_cnt             - number of measurements in averaging period
CH20_LOD_pptv        - 1 Sigma Limit of Detection                        (pptv)
CH2O_SMU_pptv        - 1 Sigma Systematic Measurement Uncertainty        (pptv)
CH2O_TMU_pptv        - 1 Sigma Total Measurement Uncertainty             (pptv)


*****************      Principal Investigator   *****************


                       Alan Fried
                       University of Colorado - INSTAAR
             mail:     1560 30th ST, 450 UCB, Boulder CO 80309
             shipping: 1560 30th ST, 450 UCB, Boulder CO 80309
             phone:    303-492-7559
             fax:      303-492-6388
             email:    alan.fried@colorado.edu

********************************************************************************

***  Difference Frequency Generation (DFG): Data Acquisition Frequency & Data Reduction

A room temperature tunable IR laser source based upon difference frequency
generation using two different laser pairs mixed in a non-linear crystal
[...]
employ these fit precisions in our uncertainty estimates in the present data sets.
Future use of these fit precisions must first await a more comprehensive study of the relationship
between fit and replicate precision estimates as a function of the ambient levels, including ambient
methanol levels. 

The overall total uncertainty was then derived by quadrature addition of
the systematic term with the LOD, both at the 1 sigma levels.
*****************************************************************************************************************************************

21

PI_CONTACT_INFO: Address: University of Colorado - INSTAAR, 1560 30th ST, 450 UCB, Boulder, CO 80309; email: alan.fried@colorado.edu; 303-492-7559
PLATFORM: NCAR C130 Aircraft
LOCATION: Latitude, longitude and elevation data are included in the data records.
ASSOCIATED_DATA: N/A
INSTRUMENT_INFO: CAMS
DATA_INFO: See Text
UNCERTAINTY: See Text
ULOD_FLAG: -77777777
ULOD_VALUE: N/A
LLOD_FLAG: -88888888
LLOD_VALUE: N/A
DM_CONTACT_INFO: N/A
PROJECT_INFO: FRAPPE
OTHER_COMMENTS: N/A
STIPULATIONS_ON_USE: USERS OF THIS DATA ARE STRONGLY ENCOURAGED TO CONTACT THE EXPERIMENTERS, AND ANY PRESENTATION OR PUBLICATION OF THE DATA CONTAINED IN THIS FILE SHOULD ACKNOWLEDGE THE "UNIVERSITY OF COLORADO - INSTAAR"
REVISION: R1
R0: time adjustment HAS NOT BEEN DONE, MeOH correction has been made
R1: Fit precisions inadvertantly left out, now included with no change to CH2O mixing ratio

CH2O_Start_SOD_UTC, CH2O_Stop_SOD_UTC, CH2O_Mid_SOD_UTC, CH2O_pptv, CH2O_sdev, CH2O_cnt, CH20_LOD_pptv, CH2O_SMU_pptv, CH2O_TMU_pptv
[from data line 10182]
86998,86999,86998.50,24,54,1,74,1,74
87000,87001,87000.50,-81,57,1,74,-3,74
87004,87005,87004.50,-89,49,1,74,-4,74
87008,87009,87008.50,-64,68,1,74,-3,74
87012,87013,87012.50,-61,58,1,74,-3,74
87013,87014,87013.50,-21,55,1,74,-1,74
87016,87017,87016.50,-96,49,1,74,-4,74
87020,87021,87020.50,-70,54,1,74,-3,74
87021,87022,87021.50,-52,62,1,74,-2,74
87025,87026,87025.50,-87,52,1,74,-4,74
87030,87031,87030.50,-83,54,1,74,-4,74
87032,87033,87032.50,-97,52,1,74,-4,74
87894,87895,87894.50,-69,59,1,74,-3,74
87895,87896,87895.50,26,62,1,74,1,74
87896,87897,87896.50,10,58,1,74,0,74
87897,87898,87897.50,-75,53,1,74,-3,74
87898,87899,87898.50,21,59,1,74,1,74
87899,87900,87899.50,47,63,1,74,2,74
87900,87901,87900.50,68,64,1,74,3,74
87901,87902,87901.50,-61,58,1,74,-3,74
87902,87903,87902.50,58,65,1,74,2,74
87904,87905,87904.50,-77,66,1,74,-3,74
87905,87906,87905.50,23,71,1,74,1,74
87906,87907,87906.50,100,70,1,74,4,74
87907,87908,87907.50,109,75,1,74,5,74
87908,87909,87908.50,82,67,1,74,4,74
87909,87910,87909.50,-7,77,1,74,-0,74
87910,87911,87910.50,97,62,1,74,4,74
87911,87912,87911.50,41,70,1,74,2,74
87912,87913,87912.50,-27,66,1,74,-1,74
87913,87914,87913.50,13,72,1,74,1,74
87914,87915,87914.50,119,71,1,74,5,74
87915,87916,87915.50,92,60,1,74,4,74
87916,87917,87916.50,-37,73,1,74,-2,74
87917,87918,87917.50,104,66,1,74,4,74
87918,87919,87918.50,-42,75,1,74,-2,74
87919,87920,87919.50,225,58,1,74,10,75
87920,87921,87920.50,103,59,1,74,4,74
87921,87922,87921.50,-32,72,1,74,-1,74
87922,87923,87922.50,-50,69,1,74,-2,74
87923,87924,87923.50,108,56,1,74,5,74
87924,87925,87924.50,-38,66,1,74,-2,74
87925,87926,87925.50,-5,60,1,74,-0,74
87926,87927,87926.50,38,57,1,74,2,74
87927,87928,87927.50,-52,59,1,74,-2,74
87928,87929,87928.50,40,70,1,74,2,74
87929,87930,87929.50,-61,76,1,74,-3,74
87930,87931,87930.50,3,73,1,74,0,74
87931,87932,87931.50,1,69,1,74,0,74
87932,87933,87932.50,-5,81,1,74,-0,74
87933,87934,87933.50,-48,69,1,74,-2,74
87934,87935,87934.50,136,69,1,74,6,74
87935,87936,87935.50,63,69,1,74,3,74
87936,87937,87936.50,10,71,1,74,0,74
87937,87938,87937.50,-56,74,1,74,-2,74
87938,87939,87938.50,62,69,1,74,3,74
87939,87940,87939.50,99,68,1,74,4,74
87940,87941,87940.50,120,78,1,74,5,74
87941,87942,87941.50,88,69,1,74,4,74
87942,87943,87942.50,145,62,1,74,6,74
87943,87944,87943.50,139,75,1,74,6,74
87944,87945,87944.50,104,69,1,74,4,74
87945,87946,87945.50,92,74,1,74,4,74
87946,87947,87946.50,57,72,1,74,2,74
87947,87948,87947.50,-77,60,1,74,-3,74
87948,87949,87948.50,19,65,1,74,1,74
87949,87950,87949.50,75,72,1,74,3,74
87950,87951,87950.50,11,64,1,74,0,74
87951,87952,87951.50,57,91,1,74,2,74
87952,87953,87952.50,22,67,1,74,1,74
87953,87954,87953.50,110,66,1,74,5,74
87954,87955,87954.50,-51,67,1,74,-2,74
87955,87956,87955.50,-79,65,1,74,-3,74
87956,87957,87956.50,91,53,1,74,4,74
87957,87958,87957.50,86,62,1,74,4,74
87958,87959,87958.50,-21,58,1,74,-1,74
87959,87960,87959.50,21,51,1,74,1,74
87960,87961,87960.50,144,49,1,74,6,74
87961,87962,87961.50,6,50,1,74,0,74
87962,87963,87962.50,22,58,1,74,1,74
87963,87964,87963.50,-82,50,1,74,-4,74
87964,87965,87964.50,125,71,1,74,5,74
87965,87966,87965.50,80,61,1,74,3,74
87966,87967,87966.50,185,39,1,74,8,74
87967,87968,87967.50,173,44,1,74,7,74
87968,87969,87968.50,98,49,1,74,4,74
87969,87970,87969.50,194,51,1,74,8,74
87970,87971,87970.50,16,53,1,74,1,74
87971,87972,87971.50,89,57,1,74,4,74
87972,87973,87972.50,195,50,1,74,8,74
87973,87974,87973.50,42,48,1,74,2,74
87974,87975,87974.50,177,51,1,74,8,74
87975,87976,87975.50,115,50,1,74,5,74
87976,87977,87976.50,177,57,1,74,8,74
87977,87978,87977.50,265,56,1,74,11,75
87978,87979,87978.50,79,54,1,74,3,74
87979,87980,87979.50,256,60,1,74,11,75
87980,87981,87980.50,272,63,1,74,12,75
87981,87982,87981.50,252,48,1,74,11,75
87982,87983,87982.50,180,47,1,74,8,74
87983,87984,87983.50,260,67,1,74,11,75
87984,87985,87984.50,154,58,1,74,7,74
87985,87986,87985.50,237,64,1,74,10,75
87986,87987,87986.50,166,60,1,74,7,74
87987,87988,87987.50,228,59,1,74,10,75
87988,87989,87988.50,325,61,1,74,14,75
87989,87990,87989.50,287,66,1,74,12,75
87990,87991,87990.50,208,62,1,74,9,75
87991,87992,87991.50,115,66,1,74,5,74
87992,87993,87992.50,236,49,1,74,10,75
87993,87994,87993.50,197,59,1,74,8,74
87994,87995,87994.50,112,72,1,74,5,74
87995,87996,87995.50,147,63,1,74,6,74
87996,87997,87996.50,196,62,1,74,8,74
87997,87998,87997.50,175,88,1,74,8,74
87998,87999,87998.50,216,82,1,74,9,75
87999,88000,87999.50,168,62,1,74,7,74
88000,88001,88000.50,272,51,1,74,12,75
88001,88002,88001.50,223,69,1,74,10,75
88002,88003,88002.50,143,61,1,74,6,74
88003,88004,88003.50,344,66,1,74,15,75
88004,88005,88004.50,104,56,1,74,4,74
88005,88006,88005.50,183,55,1,74,8,74
88006,88007,88006.50,187,57,1,74,8,74
88007,88008,88007.50,121,46,1,74,5,74
88008,88009,88008.50,114,56,1,74,5,74
88009,88010,88009.50,170,55,1,74,7,74
88010,88011,88010.50,239,44,1,74,10,75
88011,88012,88011.50,262,54,1,74,11,75
88012,88013,88012.50,232,51,1,74,10,75
88013,88014,88013.50,282,59,1,74,12,75
88014,88015,88014.50,110,60,1,74,5,74
88015,88016,88015.50,185,59,1,74,8,74
88016,88017,88016.50,290,71,1,74,12,75
88017,88018,88017.50,186,62,1,74,8,74
88018,88019,88018.50,123,59,1,74,5,74
88019,88020,88019.50,199,71,1,74,9,74
88020,88021,88020.50,200,62,1,74,9,74
88021,88022,88021.50,18,73,1,74,1,74
88022,88023,88022.50,62,76,1,74,3,74
88023,88024,88023.50,40,91,1,74,2,74
88024,88025,88024.50,38,83,1,74,2,74
88025,88026,88025.50,104,72,1,74,4,74
88026,88027,88026.50,-25,56,1,74,-1,74
88027,88028,88027.50,-53,70,1,74,-2,74
88028,88029,88028.50,40,56,1,74,2,74
88029,88030,88029.50,140,62,1,74,6,74
88030,88031,88030.50,257,56,1,74,11,75
88031,88032,88031.50,212,70,1,74,9,75
88032,88033,88032.50,141,67,1,74,6,74
88033,88034,88033.50,92,66,1,74,4,74
88034,88035,88034.50,103,69,1,74,4,74
88035,88036,88035.50,102,66,1,74,4,74
88036,88037,88036.50,152,66,1,74,7,74
88037,88038,88037.50,171,66,1,74,7,74
88038,88039,88038.50,244,63,1,74,10,75
88039,88040,88039.50,128,68,1,74,6,74
88040,88041,88040.50,125,71,1,74,5,74
88041,88042,88041.50,136,60,1,74,6,74
88042,88043,88042.50,163,66,1,74,7,74
88043,88044,88043.50,94,59,1,74,4,74
88044,88045,88044.50,218,60,1,74,9,75
88045,88046,88045.50,142,70,1,74,6,74
88046,88047,88046.50,241,63,1,74,10,75
88047,88048,88047.50,275,72,1,74,12,75
88048,88049,88048.50,155,76,1,74,7,74
88049,88050,88049.50,297,78,1,74,13,75
88050,88051,88050.50,198,89,1,74,9,74
88051,88052,88051.50,360,106,1,74,15,76
88052,88053,88052.50,344,82,1,74,15,75
88053,88054,88053.50,183,81,1,74,8,74
88054,88055,88054.50,244,103,1,74,10,75
88055,88056,88055.50,329,75,1,74,14,75
88056,88057,88056.50,336,79,1,74,14,75
88057,88058,88057.50,274,60,1,74,12,75
88058,88059,88058.50,185,70,1,74,8,74
88059,88060,88059.50,309,75,1,74,13,75
88060,88061,88060.50,350,86,1,74,15,76
88061,88062,88061.50,268,87,1,74,12,75
88062,88063,88062.50,354,78,1,74,15,76
88063,88064,88063.50,238,68,1,74,10,75
88064,88065,88064.50,332,73,1,74,14,75
88065,88066,88065.50,266,67,1,74,11,75
88066,88067,88066.50,375,60,1,74,16,76
88067,88068,88067.50,181,78,1,74,8,74
88068,88069,88068.50,326,77,1,74,14,75
88069,88070,88069.50,361,65,1,74,16,76
88070,88071,88070.50,290,92,1,74,12,75
88071,88072,88071.50,465,76,1,74,20,77
88072,88073,88072.50,506,75,1,74,22,77
88073,88074,88073.50,298,67,1,74,13,75
88074,88075,88074.50,434,48,1,74,19,76
88075,88076,88075.50,464,53,1,74,20,77
88076,88077,88076.50,459,76,1,74,20,77
88077,88078,88077.50,368,66,1,74,16,76
88078,88079,88078.50,294,49,1,74,13,75
88079,88080,88079.50,325,45,1,74,14,75
88080,88081,88080.50,385,39,1,74,17,76
88081,88082,88081.50,454,39,1,74,20,77
88082,88083,88082.50,501,57,1,74,22,77
88083,88084,88083.50,526,56,1,74,23,77
88084,88085,88084.50,329,47,1,74,14,75
88085,88086,88085.50,471,55,1,74,20,77
88086,88087,88086.50,492,54,1,74,21,77
88087,88088,88087.50,491,63,1,74,21,77
88088,88089,88088.50,440,55,1,74,19,76
88089,88090,88089.50,481,58,1,74,21,77
88090,88091,88090.50,532,49,1,74,23,77
88091,88092,88091.50,511,59,1,74,22,77
88092,88093,88092.50,436,47,1,74,19,76
88093,88094,88093.50,419,53,1,74,18,76
88094,88095,88094.50,441,72,1,74,19,76
88095,88096,88095.50,437,66,1,74,19,76
88096,88097,88096.50,566,50,1,74,24,78
88097,88098,88097.50,437,57,1,74,19,76
88098,88099,88098.50,414,55,1,74,18,76
88099,88100,88099.50,439,56,1,74,19,76
88100,88101,88100.50,462,56,1,74,20,77
88101,88102,88101.50,417,56,1,74,18,76
88102,88103,88102.50,430,61,1,74,18,76
88103,88104,88103.50,713,70,1,74,31,80
88104,88105,88104.50,508,91,1,74,22,77
88105,88106,88105.50,493,70,1,74,21,77
88106,88107,88106.50,520,61,1,74,22,77
88107,88108,88107.50,422,75,1,74,18,76
88108,88109,88108.50,524,67,1,74,23,77
88109,88110,88109.50,469,66,1,74,20,77
88110,88111,88110.50,417,57,1,74,18,76
88111,88112,88111.50,453,64,1,74,19,77
88112,88113,88112.50,394,73,1,74,17,76
88113,88114,88113.50,454,63,1,74,20,77
88114,88115,88114.50,401,57,1,74,17,76
88115,88116,88115.50,425,53,1,74,18,76
88116,88117,88116.50,529,68,1,74,23,77
88117,88118,88117.50,327,65,1,74,14,75
88118,88119,88118.50,426,62,1,74,18,76
88119,88120,88119.50,377,69,1,74,16,76
88120,88121,88120.50,423,62,1,74,18,76
88121,88122,88121.50,361,65,1,74,16,76
88122,88123,88122.50,499,55,1,74,21,77
88123,88124,88123.50,368,58,1,74,16,76
88124,88125,88124.50,402,59,1,74,17,76
88125,88126,88125.50,438,61,1,74,19,76
88126,88127,88126.50,432,73,1,74,19,76
88127,88128,88127.50,366,79,1,74,16,76
88128,88129,88128.50,338,75,1,74,15,75
88129,88130,88129.50,427,68,1,74,18,76
88130,88131,88130.50,431,77,1,74,19,76
88131,88132,88131.50,429,82,1,74,18,76
88132,88133,88132.50,436,78,1,74,19,76
88133,88134,88133.50,374,87,1,74,16,76
88134,88135,88134.50,434,84,1,74,19,76
88135,88136,88135.50,416,80,1,74,18,76
88136,88137,88136.50,532,75,1,74,23,77
88137,88138,88137.50,406,118,1,74,17,76
88138,88139,88138.50,310,109,1,74,13,75
88139,88140,88139.50,552,101,1,74,24,78
88140,88141,88140.50,490,78,1,74,21,77
88141,88142,88141.50,400,70,1,74,17,76
88142,88143,88142.50,549,70,1,74,24,78
88143,88144,88143.50,495,71,1,74,21,77
88144,88145,88144.50,561,70,1,74,24,78
88145,88146,88145.50,543,67,1,74,23,78
88146,88147,88146.50,612,73,1,74,26,79
88147,88148,88147.50,550,67,1,74,24,78
88148,88149,88148.50,511,63,1,74,22,77
88149,88150,88149.50,515,67,1,74,22,77
88150,88151,88150.50,555,53,1,74,24,78
88151,88152,88151.50,428,79,1,74,18,76
88152,88153,88152.50,434,71,1,74,19,76
88153,88154,88153.50,470,57,1,74,20,77
88154,88155,88154.50,505,61,1,74,22,77
88155,88156,88155.50,501,78,1,74,22,77
88156,88157,88156.50,507,68,1,74,22,77
88157,88158,88157.50,446,57,1,74,19,76
88158,88159,88158.50,518,66,1,74,22,77
88159,88160,88159.50,485,48,1,74,21,77
88160,88161,88160.50,470,48,1,74,20,77
88161,88162,88161.50,515,71,1,74,22,77
88162,88163,88162.50,516,87,1,74,22,77
88163,88164,88163.50,674,80,1,74,29,79
88164,88165,88164.50,482,56,1,74,21,77
88165,88166,88165.50,511,45,1,74,22,77
88166,88167,88166.50,481,38,1,74,21,77
88167,88168,88167.50,470,43,1,74,20,77
88168,88169,88168.50,547,48,1,74,24,78
88169,88170,88169.50,457,46,1,74,20,77
88170,88171,88170.50,565,52,1,74,24,78
88171,88172,88171.50,464,42,1,74,20,77
88172,88173,88172.50,562,43,1,74,24,78
88173,88174,88173.50,639,53,1,74,27,79
88212,88213,88212.50,339,68,1,74,15,75
88213,88214,88213.50,517,75,1,74,22,77
88214,88215,88214.50,424,59,1,74,18,76
88215,88216,88215.50,459,77,1,74,20,77
88216,88217,88216.50,480,69,1,74,21,77
88217,88218,88217.50,450,84,1,74,19,76
88218,88219,88218.50,479,83,1,74,21,77
88219,88220,88219.50,442,86,1,74,19,76
88220,88221,88220.50,352,65,1,74,15,76
88221,88222,88221.50,517,77,1,74,22,77
88222,88223,88222.50,323,70,1,74,14,75
88223,88224,88223.50,512,70,1,74,22,77
88224,88225,88224.50,554,68,1,74,24,78
88225,88226,88225.50,584,83,1,74,25,78
88226,88227,88226.50,416,78,1,74,18,76
88227,88228,88227.50,557,63,1,74,24,78
88228,88229,88228.50,499,68,1,74,21,77
88229,88230,88229.50,504,72,1,74,22,77
88230,88231,88230.50,557,63,1,74,24,78
88231,88232,88231.50,541,73,1,74,23,78
88232,88233,88232.50,524,75,1,74,23,77
88233,88234,88233.50,543,70,1,74,23,78
88234,88235,88234.50,514,80,1,74,22,77
88235,88236,88235.50,475,77,1,74,20,77
88236,88237,88236.50,584,80,1,74,25,78
88237,88238,88237.50,576,81,1,74,25,78
88238,88239,88238.50,563,64,1,74,24,78
88239,88240,88239.50,541,79,1,74,23,78
88240,88241,88240.50,629,69,1,74,27,79
88241,88242,88241.50,585,73,1,74,25,78
88242,88243,88242.50,597,79,1,74,26,78
88243,88244,88243.50,597,75,1,74,26,78
88244,88245,88244.50,583,76,1,74,25,78
88245,88246,88245.50,581,80,1,74,25,78
88246,88247,88246.50,607,72,1,74,26,78
88247,88248,88247.50,510,65,1,74,22,77
88248,88249,88248.50,561,69,1,74,24,78
88249,88250,88249.50,574,71,1,74,25,78
88250,88251,88250.50,494,64,1,74,21,77
88251,88252,88251.50,521,72,1,74,22,77
88252,88253,88252.50,536,78,1,74,23,78
88253,88254,88253.50,562,85,1,74,24,78
88254,88255,88254.50,482,95,1,74,21,77
88255,88256,88255.50,590,89,1,74,25,78
88256,88257,88256.50,511,80,1,74,22,77
88257,88258,88257.50,513,101,1,74,22,77
88258,88259,88258.50,403,95,1,74,17,76
88259,88260,88259.50,472,99,1,74,20,77
88260,88261,88260.50,360,112,1,74,15,76
88261,88262,88261.50,349,112,1,74,15,76
88262,88263,88262.50,453,109,1,74,19,77
88263,88264,88263.50,343,105,1,74,15,75
88264,88265,88264.50,287,106,1,74,12,75
88265,88266,88265.50,443,112,1,74,19,76
88266,88267,88266.50,454,106,1,74,20,77
88267,88268,88267.50,449,117,1,74,19,76
88268,88269,88268.50,634,105,1,74,27,79
88269,88270,88269.50,689,89,1,74,30,80
88270,88271,88270.50,611,91,1,74,26,79
88271,88272,88271.50,526,99,1,74,23,77
88272,88273,88272.50,548,112,1,74,24,78
88273,88274,88273.50,617,92,1,74,27,79
88274,88275,88274.50,762,93,1,74,33,81
88275,88276,88275.50,627,80,1,74,27,79
88276,88277,88276.50,566,80,1,74,24,78
88277,88278,88277.50,677,90,1,74,29,80
88278,88279,88278.50,599,83,1,74,26,78
88279,88280,88279.50,397,93,1,74,17,76
88280,88281,88280.50,410,100,1,74,18,76
88281,88282,88281.50,424,89,1,74,18,76
88282,88283,88282.50,537,67,1,74,23,78
88283,88284,88283.50,608,84,1,74,26,78
88284,88285,88284.50,553,87,1,74,24,78
88285,88286,88285.50,625,83,1,74,27,79
88286,88287,88286.50,509,70,1,74,22,77
88287,88288,88287.50,646,49,1,74,28,79
88288,88289,88288.50,536,65,1,74,23,78
88289,88290,88289.50,434,66,1,74,19,76
88290,88291,88290.50,485,74,1,74,21,77
88291,88292,88291.50,420,80,1,74,18,76
88292,88293,88292.50,636,67,1,74,27,79
88293,88294,88293.50,645,71,1,74,28,79
88294,88295,88294.50,492,64,1,74,21,77
88295,88296,88295.50,613,57,1,74,26,79
88296,88297,88296.50,621,71,1,74,27,79
88297,88298,88297.50,557,63,1,74,24,78
88298,88299,88298.50,503,88,1,74,22,77
88299,88300,88299.50,555,67,1,74,24,78
88300,88301,88300.50,554,72,1,74,24,78
88301,88302,88301.50,417,92,1,74,18,76
88302,88303,88302.50,457,78,1,74,20,77
88303,88304,88303.50,496,96,1,74,21,77
88304,88305,88304.50,492,96,1,74,21,77
88305,88306,88305.50,641,102,1,74,28,79
88306,88307,88306.50,478,91,1,74,21,77
88307,88308,88307.50,459,60,1,74,20,77
88308,88309,88308.50,431,78,1,74,19,76
88309,88310,88309.50,549,85,1,74,24,78
88310,88311,88310.50,558,78,1,74,24,78
88311,88312,88311.50,503,85,1,74,22,77
88312,88313,88312.50,303,86,1,74,13,75
88313,88314,88313.50,376,58,1,74,16,76
88314,88315,88314.50,453,76,1,74,19,77
88315,88316,88315.50,473,62,1,74,20,77
88316,88317,88316.50,536,71,1,74,23,78
88317,88318,88317.50,524,68,1,74,23,77
88318,88319,88318.50,558,97,1,74,24,78
88319,88320,88319.50,587,78,1,74,25,78
88320,88321,88320.50,558,65,1,74,24,78
88321,88322,88321.50,401,69,1,74,17,76
88322,88323,88322.50,467,60,1,74,20,77
88323,88324,88323.50,587,66,1,74,25,78
88324,88325,88324.50,499,64,1,74,21,77
88325,88326,88325.50,572,81,1,74,25,78
88326,88327,88326.50,520,85,1,74,22,77
88327,88328,88327.50,596,86,1,74,26,78
88328,88329,88328.50,591,82,1,74,25,78
88329,88330,88329.50,544,80,1,74,23,78
88330,88331,88330.50,537,82,1,74,23,78
88331,88332,88331.50,380,100,1,74,16,76
88332,88333,88332.50,415,104,1,74,18,76
88333,88334,88333.50,355,106,1,74,15,76
