FRAPPE-PCIMS_C130_20140731_R0_3sec.ict
41, 1001
Heikes, Brian G.
University of Rhode Island, bheikes@uri.edu
USNA PCIMS in-situ measurements from C-130 aircraft
FRAPPE 2014
1,1
2014,07,31,2015,01,09
0
UTC_start,seconds,start UTC time for the measurement period given in seconds from midnight day of takeoff
6
1,1,1,1,1,1
-99999.,-99999.,-99999.,-99999.,-99999.,-99999.
UTC_stop,seconds,stop UTC time for the measurement period given in seconds from midnight
UTC_mid,seconds,mid UTC time for the measurement period given in seconds from midnight
H2O2_ppt, volume_mixing_ratio_of_hydrogen_peroxide_in_air
CH3OOH_ppt, volume_mixing_ratio_of_methyl_hydroperoxide_in_air
HC(O)OH_ppt, volume_mixing_ratio_of_formic_acid_in_air
CH3C(O)OH_ppt, volume_mixing_ratio_of_acetic_acid_in_air
1
SPECIAL COMMENTS:N/A
20
PI_CONTACT_INFO:Brian G. Heikes, Graduate School of Oceanography, University of Rhode Island
PLATFORM: NCAR C-130
LOCATION: The aircraft was stationed in Broomfield, CO.
ASSOCIATED_DATA: N/A
INSTRUMENT_INFO: USNA PCIMS for gas phase measurements of [H2O2], [CH3OOH], [HC(O)OH], and [CH3C(O)OH]
DATA_INFO: Measurements reported in volume mixing ratio, ppt
DM_CONTACT_INFO: Brian H
STIPULATIONS_ON_USE: Use of these data require prior ok from PI.
OTHER_COMMENTS: Failure to comprehend "negative" values means you are a "modeler"
UNCERTAINTY: UTC_stop=N/A; UTC_mid=N/A; H2O2=30%; CH3OOH=30%; H2O2=30%; CH3OOH=30%;
LLOD_FLAG: N/A
LLOD_VALUE: N/A
ULOD_FLAG: N/A
ULOD_VALUE: N/A
REVISION:R0
PROJECT_INFO: FRAPPE Summer 2014, Broomfield, CO
INSTRUMENT_INFO:Peroxide Chemical Ionization Mass Spectrometer (PCIMS)
PLATFORM:C-130 aircraft
R0:final data
UTC_start,UTC_stop,UTC_mid,H2O2_ppt,CH3OOH_ppt,HC(O)OH_ppt,CH3C(O)OH_ppt
[from data line 1231]
 77849.1,  77852.0,  77850.5,    1157,  -99999,     218,    1669
 77852.1,  77855.0,  77853.5,    1205,  -99999,     167,    1387
 77855.1,  77858.0,  77856.5,    1140,  -99999,     180,    1659
 77858.1,  77861.0,  77859.5,    1146,  -99999,     262,    1246
 77862.1,  77865.0,  77863.5,    1114,  -99999,     325,    1698
 77865.1,  77868.0,  77866.5,    1054,  -99999,     260,    1839
 77868.1,  77871.0,  77869.5,    1171,  -99999,     292,    1385
 77871.1,  77874.0,  77872.5,    1080,  -99999,     279,    1847
 77875.1,  77878.0,  77876.5,    1174,  -99999,     286,    1330
 77878.1,  77881.0,  77879.5,    1115,  -99999,     257,    1329
 77881.1,  77884.0,  77882.5,    1132,  -99999,     324,    1661
 77884.1,  77887.0,  77885.5,    1071,  -99999,     257,    1584
 77888.1,  77891.0,  77889.5,    1087,  -99999,     236,    1414
 77891.1,  77894.0,  77892.5,    1057,  -99999,     371,    1651
 77894.1,  77897.0,  77895.5,    1032,  -99999,     335,    1475
 77897.1,  77900.0,  77898.5,    1047,  -99999,     313,    1148
 77901.1,  77904.0,  77902.5,    1154,  -99999,     194,    1590
 77904.1,  77907.0,  77905.5,    1029,  -99999,     358,    1637
 77907.1,  77910.0,  77908.5,     899,  -99999,     334,    1329
 77910.1,  77913.0,  77911.5,    1073,  -99999,     273,    1389
 77914.1,  77917.0,  77915.5,    1026,  -99999,     236,    2045
 77917.1,  77920.0,  77918.5,    1208,  -99999,     372,    1765
 77920.1,  77923.0,  77921.5,    1065,  -99999,     288,    1436
 77923.1,  77926.0,  77924.5,    1125,  -99999,     315,    1788
 77927.1,  77930.0,  77928.5,    1190,  -99999,     379,    1801
 77930.1,  77933.0,  77931.5,    1129,  -99999,     298,    1711
 77933.1,  77936.0,  77934.5,    1023,  -99999,     287,    1352
 77936.1,  77939.0,  77937.5,    1204,  -99999,     314,    1631
 77940.1,  77943.0,  77941.5,    1075,  -99999,     221,    1776
 77943.1,  77946.0,  77944.5,    1141,  -99999,     299,    1630
 77946.1,  77949.0,  77947.5,    1300,  -99999,     306,    1754
 77949.1,  77952.0,  77950.5,    1127,  -99999,     234,    1356
 77953.1,  77956.0,  77954.5,    1212,  -99999,     281,    1606
 77956.1,  77959.0,  77957.5,    1357,  -99999,     292,    1778
 77959.1,  77962.0,  77960.5,    1241,  -99999,     279,    1893
 77962.1,  77965.0,  77963.5,    1293,  -99999,     229,    1440
 77966.1,  77969.0,  77967.5,    1272,  -99999,     282,    1699
 77969.1,  77972.0,  77970.5,    1323,  -99999,     338,    1201
 77972.1,  77975.0,  77973.5,    1266,  -99999,     225,    1509
 77975.1,  77978.0,  77976.5,    1274,  -99999,     190,    1861
 77979.1,  77982.0,  77980.5,    1356,  -99999,     285,    1648
 77982.1,  77985.0,  77983.5,    1321,  -99999,     248,    1331
 77985.1,  77988.0,  77986.5,    1342,  -99999,     286,    1925
 77988.1,  77991.0,  77989.5,    1235,  -99999,     196,    1747
 77992.1,  77995.0,  77993.5,    1403,  -99999,     253,    1309
 77995.1,  77998.0,  77996.5,    1380,  -99999,     298,    1409
 77998.1,  78001.0,  77999.5,    1344,  -99999,     323,    1854
 78001.1,  78004.0,  78002.5,    1427,  -99999,     190,    1631
 78164.1,  78167.0,  78165.5,    1590,  -99999,     519,    1834
 78167.1,  78170.0,  78168.5,    1603,  -99999,     399,    1824
 78170.1,  78173.0,  78171.5,    1642,  -99999,     420,    1809
 78174.1,  78177.0,  78175.5,    1741,  -99999,     338,    2126
 78177.1,  78180.0,  78178.5,    1654,  -99999,     412,    2112
 78180.1,  78183.0,  78181.5,    1532,  -99999,     349,    1478
 78183.1,  78186.0,  78184.5,    1481,  -99999,     302,    1727
 78187.1,  78190.0,  78188.5,    1679,  -99999,     409,    1467
 78190.1,  78193.0,  78191.5,    1438,  -99999,     200,    1976
 78193.1,  78196.0,  78194.5,    1393,  -99999,     320,    2037
 78196.1,  78199.0,  78197.5,    1398,  -99999,     363,    1767
 78200.1,  78203.0,  78201.5,    1369,  -99999,     284,    2264
 78203.1,  78206.0,  78204.5,    1485,  -99999,     329,    1702
 78206.1,  78209.0,  78207.5,    1315,  -99999,     342,    1821
 78209.1,  78212.0,  78210.5,    1477,  -99999,     401,    2061
 78213.1,  78216.0,  78214.5,    1632,  -99999,     320,    2053
 78216.1,  78219.0,  78217.5,    1587,  -99999,     323,    1499
 78219.1,  78222.0,  78220.5,    1517,  -99999,     396,    1808
 78222.1,  78225.0,  78223.5,    1412,  -99999,     303,    1556
 78226.1,  78229.0,  78227.5,    1444,  -99999,     312,    1908
 78229.1,  78232.0,  78230.5,    1256,  -99999,     366,    1838
 78232.1,  78235.0,  78233.5,    1386,  -99999,     320,    1577
 78235.1,  78238.0,  78236.5,    1308,  -99999,     345,    1684
 78239.1,  78242.0,  78240.5,    1337,  -99999,     451,    1864
 78242.1,  78245.0,  78243.5,    1262,  -99999,     375,    1335
 78245.1,  78248.0,  78246.5,    1384,  -99999,     387,    1346
 78248.1,  78251.0,  78249.5,    1282,  -99999,     303,    1897
 78252.1,  78255.0,  78253.5,    1289,  -99999,     247,    1717
 78255.1,  78258.0,  78256.5,    1219,  -99999,     238,    1922
 78258.1,  78261.0,  78259.5,    1103,  -99999,     225,    1688
 78261.1,  78264.0,  78262.5,    1228,  -99999,     278,    1630
 78265.1,  78268.0,  78266.5,    1056,  -99999,     213,    1744
 78268.1,  78271.0,  78269.5,    1121,  -99999,     257,    1955
 78271.1,  78274.0,  78272.5,    1285,  -99999,     247,    2518
 78274.1,  78277.0,  78275.5,    1219,  -99999,     252,    1930
 78278.1,  78281.0,  78279.5,    1150,  -99999,     193,    1277
 78281.1,  78284.0,  78282.5,    1159,  -99999,     248,    1885
 78284.1,  78287.0,  78285.5,    1278,  -99999,     212,    1593
 78287.1,  78290.0,  78288.5,    1230,  -99999,     229,    1588
 78291.1,  78294.0,  78292.5,    1375,  -99999,     237,    1226
 78294.1,  78297.0,  78295.5,    1251,  -99999,     271,    1885
 78297.1,  78300.0,  78298.5,    1194,  -99999,     332,    1396
 78300.1,  78303.0,  78301.5,    1258,  -99999,     191,    1640
 78304.1,  78307.0,  78305.5,    1185,  -99999,     251,    1614
 78307.1,  78310.0,  78308.5,    1205,  -99999,     257,    1392
 78310.1,  78313.0,  78311.5,    1261,  -99999,     254,    1365
 78313.1,  78316.0,  78314.5,    1251,  -99999,     271,    1847
 78317.1,  78320.0,  78318.5,    1187,  -99999,     268,    1704
 78320.1,  78323.0,  78321.5,    1288,  -99999,     271,    1660
 78323.1,  78326.0,  78324.5,    1294,  -99999,     208,    1356
 78326.1,  78329.0,  78327.5,    1092,  -99999,     226,    1136
 78330.1,  78333.0,  78331.5,    1220,  -99999,     232,    1059
 78333.1,  78336.0,  78334.5,     991,  -99999,     276,    1215
 78336.1,  78339.0,  78337.5,    1168,  -99999,     284,    1218
 78339.1,  78342.0,  78340.5,    1125,  -99999,     343,    1641
 78343.1,  78346.0,  78344.5,    1273,  -99999,     270,    1716
 78346.1,  78349.0,  78347.5,    1360,  -99999,     241,    1655
 78349.1,  78352.0,  78350.5,    1309,  -99999,     212,    1629
 78352.1,  78355.0,  78353.5,    1326,  -99999,     179,    1434
 78356.1,  78359.0,  78357.5,    1379,  -99999,     289,    2020
 78359.1,  78362.0,  78360.5,    1348,  -99999,     216,    1946
 78362.1,  78365.0,  78363.5,    1422,  -99999,     268,    1517
 78485.1,  78488.0,  78486.5,     659,  -99999,     183,     660
 78489.1,  78492.0,  78490.5,     630,  -99999,     302,     471
 78492.1,  78495.0,  78493.5,     603,  -99999,     238,     414
 78495.1,  78498.0,  78496.5,     648,  -99999,     256,     741
 78498.1,  78501.0,  78499.5,     745,  -99999,     282,     467
 78502.1,  78505.0,  78503.5,     635,  -99999,     258,     444
 78505.1,  78508.0,  78506.5,     747,  -99999,     371,     764
 78508.1,  78511.0,  78509.5,     620,  -99999,     153,     824
 78511.1,  78514.0,  78512.5,     693,  -99999,     213,     525
 78515.1,  78518.0,  78516.5,     673,  -99999,     301,     534
 78518.1,  78521.0,  78519.5,     757,  -99999,     305,     871
 78521.1,  78524.0,  78522.5,     763,  -99999,     276,     556
 78524.1,  78527.0,  78525.5,     682,  -99999,     259,     774
 78528.1,  78531.0,  78529.5,     792,  -99999,     305,     423
 78531.1,  78534.0,  78532.5,     736,  -99999,     349,     286
 78534.1,  78537.0,  78535.5,     722,  -99999,     331,     709
 78537.1,  78540.0,  78538.5,     574,  -99999,     303,     902
 78541.1,  78544.0,  78542.5,     577,  -99999,     237,     809
 78544.1,  78547.0,  78545.5,     510,  -99999,     227,     400
 78547.1,  78550.0,  78548.5,     657,  -99999,     269,     478
 78550.1,  78553.0,  78551.5,     544,  -99999,     215,     332
 78554.1,  78557.0,  78555.5,     574,  -99999,     254,     498
 78557.1,  78560.0,  78558.5,     715,  -99999,     273,     511
 78560.1,  78563.0,  78561.5,     715,  -99999,     322,     631
 78563.1,  78566.0,  78564.5,     693,  -99999,     333,     283
 78567.1,  78570.0,  78568.5,     680,  -99999,     258,     796
 78570.1,  78573.0,  78571.5,     696,  -99999,     340,     433
 78573.1,  78576.0,  78574.5,     525,  -99999,     154,     539
 78576.1,  78579.0,  78577.5,     527,  -99999,     209,     629
 78580.1,  78583.0,  78581.5,     588,  -99999,     306,     415
 78583.1,  78586.0,  78584.5,     447,  -99999,     227,     290
 78586.1,  78589.0,  78587.5,     478,  -99999,     246,     482
 78589.1,  78592.0,  78590.5,     518,  -99999,     372,     405
 78593.1,  78596.0,  78594.5,     641,  -99999,     362,     350
 78596.1,  78599.0,  78597.5,     563,  -99999,     189,     310
 78599.1,  78602.0,  78600.5,     590,  -99999,     162,     382
 78602.1,  78605.0,  78603.5,     631,  -99999,      91,     674
 78606.1,  78609.0,  78607.5,     575,  -99999,     276,     613
 78609.1,  78612.0,  78610.5,     606,  -99999,     314,     582
 78612.1,  78615.0,  78613.5,     529,  -99999,     279,     470
 78615.1,  78618.0,  78616.5,     524,  -99999,     289,     639
 78619.1,  78622.0,  78620.5,     622,  -99999,     269,     365
 78622.1,  78625.0,  78623.5,     623,  -99999,     203,     585
 78625.1,  78628.0,  78626.5,     581,  -99999,     292,     578
 78628.1,  78631.0,  78629.5,     701,  -99999,     285,     863
 78632.1,  78635.0,  78633.5,     730,  -99999,     352,     847
 78635.1,  78638.0,  78636.5,     710,  -99999,     351,     312
 78638.1,  78641.0,  78639.5,     697,  -99999,     338,     537
 78641.1,  78644.0,  78642.5,     613,  -99999,     248,     577
 78645.1,  78648.0,  78646.5,     642,  -99999,     341,     378
 78648.1,  78651.0,  78649.5,     694,  -99999,     478,     586
 78651.1,  78654.0,  78652.5,     692,  -99999,     369,     707
 78654.1,  78657.0,  78655.5,     698,  -99999,     346,     704
 78658.1,  78661.0,  78659.5,     790,  -99999,     350,     367
 78661.1,  78664.0,  78662.5,     680,  -99999,     327,     564
 78664.1,  78667.0,  78665.5,     587,  -99999,     338,     581
 78667.1,  78670.0,  78668.5,     786,  -99999,     425,     601
 78671.1,  78674.0,  78672.5,     739,  -99999,     424,     539
 78674.1,  78677.0,  78675.5,     680,  -99999,     329,     846
 78677.1,  78680.0,  78678.5,     779,  -99999,     505,     964
 78680.1,  78683.0,  78681.5,     602,  -99999,     262,     677
 78684.1,  78687.0,  78685.5,     703,  -99999,     232,     503
 78687.1,  78690.0,  78688.5,     628,  -99999,     209,     653
 78690.1,  78693.0,  78691.5,     569,  -99999,     165,     574
 78693.1,  78696.0,  78694.5,     573,  -99999,     276,     308
 78697.1,  78700.0,  78698.5,     599,  -99999,     268,     631
 78700.1,  78703.0,  78701.5,     620,  -99999,     282,     719
 78703.1,  78706.0,  78704.5,     659,  -99999,     273,     658
 78706.1,  78709.0,  78707.5,     615,  -99999,     229,     621
 78710.1,  78713.0,  78711.5,     610,  -99999,     237,     609
 78713.1,  78716.0,  78714.5,     672,  -99999,     282,     665
 78716.1,  78719.0,  78717.5,     647,  -99999,     216,     604
 78719.1,  78722.0,  78720.5,     691,  -99999,     299,     330
 78885.1,  78888.0,  78886.5,     725,  -99999,     524,     597
 78888.1,  78891.0,  78889.5,     629,  -99999,     438,     597
 78892.1,  78895.0,  78893.5,     841,  -99999,     905,     929
 78895.1,  78898.0,  78896.5,     751,  -99999,    1086,    1094
 78898.1,  78901.0,  78899.5,     757,  -99999,     509,     950
 78901.1,  78904.0,  78902.5,     723,  -99999,     310,     611
 78905.1,  78908.0,  78906.5,     531,  -99999,     174,     244
 78908.1,  78911.0,  78909.5,     555,  -99999,     162,     451
 78911.1,  78914.0,  78912.5,     583,  -99999,     138,     316
 78914.1,  78917.0,  78915.5,     620,  -99999,     405,     361
 78918.1,  78921.0,  78919.5,     654,  -99999,     342,     631
 78921.1,  78924.0,  78922.5,     531,  -99999,     247,     706
 78924.1,  78927.0,  78925.5,     466,  -99999,     236,     202
 78927.1,  78930.0,  78928.5,     468,  -99999,     261,     321
 78931.1,  78934.0,  78932.5,     382,  -99999,     233,     296
 78934.1,  78937.0,  78935.5,     532,  -99999,     247,     171
 78937.1,  78940.0,  78938.5,     460,  -99999,     170,     117
 78940.1,  78943.0,  78941.5,     479,  -99999,     197,     382
 78944.1,  78947.0,  78945.5,     513,  -99999,     182,     244
 78947.1,  78950.0,  78948.5,     501,  -99999,     108,     117
 78950.1,  78953.0,  78951.5,     439,  -99999,     137,     177
 78953.1,  78956.0,  78954.5,     550,  -99999,     153,     278
 78957.1,  78960.0,  78958.5,     543,  -99999,     111,     366
 78960.1,  78963.0,  78961.5,     500,  -99999,     109,     258
 78963.1,  78966.0,  78964.5,     482,  -99999,      77,     281
 78966.1,  78969.0,  78967.5,     416,  -99999,      98,     187
 78970.1,  78973.0,  78971.5,     460,  -99999,      88,     376
 78973.1,  78976.0,  78974.5,     501,  -99999,      78,     386
 78976.1,  78979.0,  78977.5,     438,  -99999,     181,     355
 78979.1,  78982.0,  78980.5,     471,  -99999,     191,     343
 78983.1,  78986.0,  78984.5,     434,  -99999,     116,     153
 78986.1,  78989.0,  78987.5,     492,  -99999,      65,     173
 78989.1,  78992.0,  78990.5,     493,  -99999,      81,     161
 78992.1,  78995.0,  78993.5,     453,  -99999,      98,     -70
 78996.1,  78999.0,  78997.5,     461,  -99999,      84,    -192
 78999.1,  79002.0,  79000.5,     470,  -99999,     110,     105
 79002.1,  79005.0,  79003.5,     454,  -99999,     105,     442
 79005.1,  79008.0,  79006.5,     463,  -99999,      50,     261
 79009.1,  79012.0,  79010.5,     520,  -99999,     107,     153
 79012.1,  79015.0,  79013.5,     493,  -99999,     107,     355
 79015.1,  79018.0,  79016.5,     441,  -99999,      60,      46
 79018.1,  79021.0,  79019.5,     441,  -99999,      87,     102
 79022.1,  79025.0,  79023.5,     454,  -99999,     112,     289
 79025.1,  79028.0,  79026.5,     477,  -99999,      33,     376
 79028.1,  79031.0,  79029.5,     429,  -99999,     128,     331
 79031.1,  79034.0,  79032.5,     442,  -99999,     117,     390
 79035.1,  79038.0,  79036.5,     581,  -99999,     123,       4
 79038.1,  79041.0,  79039.5,     461,  -99999,      68,     327
 79041.1,  79044.0,  79042.5,     558,  -99999,     136,     251
 79044.1,  79047.0,  79045.5,     489,  -99999,     128,     160
 79048.1,  79051.0,  79049.5,     466,  -99999,     105,     357
 79051.1,  79054.0,  79052.5,     442,  -99999,       6,     107
 79054.1,  79057.0,  79055.5,     464,  -99999,      80,     184
 79057.1,  79060.0,  79058.5,     458,  -99999,      66,      92
 79061.1,  79064.0,  79062.5,     426,  -99999,      96,     208
 79064.1,  79067.0,  79065.5,     410,  -99999,     344,     509
 79067.1,  79070.0,  79068.5,     596,  -99999,     239,     203
 79070.1,  79073.0,  79071.5,     443,  -99999,      84,     267
 79074.1,  79077.0,  79075.5,     468,  -99999,      70,     303
 79077.1,  79080.0,  79078.5,     488,  -99999,     136,      73
 79080.1,  79083.0,  79081.5,     474,  -99999,     116,     227
 79083.1,  79086.0,  79084.5,     530,  -99999,      90,     154
