FRAPPE-PCIMS_C130_20140731_R0_3sec.ict
41, 1001
Heikes, Brian G.
University of Rhode Island, bheikes@uri.edu
USNA PCIMS in-situ measurements from C-130 aircraft
FRAPPE 2014
1,1
2014,07,31,2015,01,09
0
UTC_start,seconds,start UTC time for the measurement period given in seconds from midnight day of takeoff
6
1,1,1,1,1,1
-99999.,-99999.,-99999.,-99999.,-99999.,-99999.
UTC_stop,seconds,stop UTC time for the measurement period given in seconds from midnight
UTC_mid,seconds,mid UTC time for the measurement period given in seconds from midnight
H2O2_ppt, volume_mixing_ratio_of_hydrogen_peroxide_in_air
CH3OOH_ppt, volume_mixing_ratio_of_methyl_hydroperoxide_in_air
HC(O)OH_ppt, volume_mixing_ratio_of_formic_acid_in_air
CH3C(O)OH_ppt, volume_mixing_ratio_of_acetic_acid_in_air
1
SPECIAL COMMENTS:N/A
20
PI_CONTACT_INFO:Brian G. Heikes, Graduate School of Oceanography, University of Rhode Island
PLATFORM: NCAR C-130
LOCATION: The aircraft was stationed in Broomfield, CO.
ASSOCIATED_DATA: N/A
INSTRUMENT_INFO: USNA PCIMS for gas phase measurements of [H2O2], [CH3OOH], [HC(O)OH], and [CH3C(O)OH]
DATA_INFO: Measurements reported in volume mixing ratio, ppt
DM_CONTACT_INFO: Brian H
STIPULATIONS_ON_USE: Use of these data require prior ok from PI.
OTHER_COMMENTS: Failure to comprehend "negative" values means you are a "modeler"
UNCERTAINTY: UTC_stop=N/A; UTC_mid=N/A; H2O2=30%; CH3OOH=30%; H2O2=30%; CH3OOH=30%;
LLOD_FLAG: N/A
LLOD_VALUE: N/A
ULOD_FLAG: N/A
ULOD_VALUE: N/A
REVISION:R0
PROJECT_INFO: FRAPPE Summer 2014, Broomfield, CO
INSTRUMENT_INFO:Peroxide Chemical Ionization Mass Spectrometer (PCIMS)
PLATFORM:C-130 aircraft
R0:final data
UTC_start,UTC_stop,UTC_mid,H2O2_ppt,CH3OOH_ppt,HC(O)OH_ppt,CH3C(O)OH_ppt
[from data line 2954]
 86998.1,  87001.0,  86999.5,     320,     512,      19,     162
 87001.1,  87004.0,  87002.5,     417,     534,     102,     -20
 87125.1,  87128.0,  87126.5,     152,     507,     -15,     657
 87128.1,  87131.0,  87129.5,     157,     517,     -37,     378
 87131.1,  87134.0,  87132.5,     168,     422,      -4,     286
 87135.1,  87138.0,  87136.5,     222,     528,      47,     140
 87138.1,  87141.0,  87139.5,     177,     456,      40,     511
 87141.1,  87144.0,  87142.5,     152,     470,      39,     280
 87144.1,  87147.0,  87145.5,     142,     362,       2,     273
 87148.1,  87151.0,  87149.5,     169,     538,      -1,     131
 87151.1,  87154.0,  87152.5,     177,     401,      62,     279
 87154.1,  87157.0,  87155.5,     141,     592,     -46,     178
 87157.1,  87160.0,  87158.5,     131,     466,     -19,     449
 87161.1,  87164.0,  87162.5,     153,     548,      10,     164
 87164.1,  87167.0,  87165.5,     145,     516,      23,     212
 87167.1,  87170.0,  87168.5,     170,     418,     -36,     330
 87170.1,  87173.0,  87171.5,     179,     368,      -8,     527
 87174.1,  87177.0,  87175.5,     141,     477,      65,     324
 87177.1,  87180.0,  87178.5,     163,     499,     -43,     422
 87180.1,  87183.0,  87181.5,     192,     494,     -34,     291
 87183.1,  87186.0,  87184.5,     167,     416,     -28,     172
 87187.1,  87190.0,  87188.5,     166,     401,     -54,      19
 87190.1,  87193.0,  87191.5,     158,     467,      23,     354
 87193.1,  87196.0,  87194.5,     140,     391,      -2,     -19
 87196.1,  87199.0,  87197.5,     112,     345,     -29,     321
 87200.1,  87203.0,  87201.5,     139,     423,       1,     478
 87203.1,  87206.0,  87204.5,     155,     524,     -10,     342
 87206.1,  87209.0,  87207.5,     126,     524,     -17,     225
 87209.1,  87212.0,  87210.5,     177,     371,     -58,     308
 87213.1,  87216.0,  87214.5,     139,     380,      37,     189
 87216.1,  87219.0,  87217.5,     220,     563,      90,     236
 87219.1,  87222.0,  87220.5,     217,     473,       8,     209
 87222.1,  87225.0,  87223.5,     195,     359,      39,     189
 87226.1,  87229.0,  87227.5,     194,     474,      -1,     336
 87229.1,  87232.0,  87230.5,     148,     582,     -36,     448
 87232.1,  87235.0,  87233.5,     172,     525,     -12,     282
 87235.1,  87238.0,  87236.5,     165,     641,     -25,     252
 87239.1,  87242.0,  87240.5,     182,     530,      37,     335
 87242.1,  87245.0,  87243.5,     233,     472,      48,     407
 87245.1,  87248.0,  87246.5,     203,     540,      39,     189
 87248.1,  87251.0,  87249.5,     198,     482,     -43,     334
 87252.1,  87255.0,  87253.5,     175,     524,      -5,      93
 87255.1,  87258.0,  87256.5,     203,     468,      32,     245
 87258.1,  87261.0,  87259.5,     199,     550,       3,     411
 87261.1,  87264.0,  87262.5,     195,     436,     -46,     387
 87265.1,  87268.0,  87266.5,     168,     631,     -85,     451
 87268.1,  87271.0,  87269.5,     187,     595,     -35,     368
 87271.1,  87274.0,  87272.5,     152,     608,     -73,     307
 87274.1,  87277.0,  87275.5,     165,     576,     -45,     453
 87278.1,  87281.0,  87279.5,     211,     545,      40,     156
 87281.1,  87284.0,  87282.5,     195,     399,      54,     429
 87284.1,  87287.0,  87285.5,     222,     579,      29,     129
 87287.1,  87290.0,  87288.5,     205,     488,     -32,      81
 87291.1,  87294.0,  87292.5,     179,     523,      -3,     114
 87294.1,  87297.0,  87295.5,     180,     343,      46,     245
 87297.1,  87300.0,  87298.5,     173,     502,       1,     240
 87300.1,  87303.0,  87301.5,     190,     398,     -29,     449
 87304.1,  87307.0,  87305.5,     161,     433,       9,     156
 87307.1,  87310.0,  87308.5,     168,     427,     -33,     217
 87310.1,  87313.0,  87311.5,     196,     266,      22,     539
 87313.1,  87316.0,  87314.5,     163,     555,     -38,     470
 87317.1,  87320.0,  87318.5,     170,     520,     -38,     362
 87320.1,  87323.0,  87321.5,     167,     535,       6,     313
 87323.1,  87326.0,  87324.5,     189,     364,      18,     183
 87326.1,  87329.0,  87327.5,     248,     419,      98,     386
 87330.1,  87333.0,  87331.5,     176,     536,      23,     249
 87333.1,  87336.0,  87334.5,     172,     510,      28,     531
 87336.1,  87339.0,  87337.5,     342,     448,     136,     291
 87339.1,  87342.0,  87340.5,     428,     473,     299,     425
 87343.1,  87346.0,  87344.5,     259,     529,     236,     278
 87346.1,  87349.0,  87347.5,     235,     507,      80,     312
 87349.1,  87352.0,  87350.5,     371,     497,     122,     479
 87352.1,  87355.0,  87353.5,     341,     622,     108,     431
 87356.1,  87359.0,  87357.5,     261,     498,      -6,     477
 87359.1,  87362.0,  87360.5,     333,     623,      33,     345
 87362.1,  87365.0,  87363.5,     376,     539,     224,     425
 87525.1,  87528.0,  87526.5,     234,     604,     157,     288
 87528.1,  87531.0,  87529.5,     231,     524,     158,     691
 87531.1,  87534.0,  87532.5,     316,     493,     123,     381
 87534.1,  87537.0,  87535.5,     285,     631,     284,     244
 87537.1,  87540.0,  87538.5,     283,     475,     202,     233
 87541.1,  87544.0,  87542.5,     315,     443,     186,     512
 87544.1,  87547.0,  87545.5,     294,     483,     297,     502
 87547.1,  87550.0,  87548.5,     265,     498,     220,     350
 87550.1,  87553.0,  87551.5,     306,     456,     210,     499
 87554.1,  87557.0,  87555.5,     285,     544,     247,     266
 87557.1,  87560.0,  87558.5,     326,     329,     269,     265
 87560.1,  87563.0,  87561.5,     370,     517,     227,     295
 87563.1,  87566.0,  87564.5,     401,     446,     254,     410
 87567.1,  87570.0,  87568.5,     515,     401,     137,     489
 87570.1,  87573.0,  87571.5,     511,     432,     187,     321
 87573.1,  87576.0,  87574.5,     667,     418,     324,     605
 87576.1,  87579.0,  87577.5,     605,     626,     183,     412
 87580.1,  87583.0,  87581.5,     577,     399,      72,     366
 87583.1,  87586.0,  87584.5,     597,     597,      51,     236
 87586.1,  87589.0,  87587.5,     626,     521,      81,     356
 87589.1,  87592.0,  87590.5,     581,     554,      93,     425
 87593.1,  87596.0,  87594.5,     615,     483,     102,     398
 87596.1,  87599.0,  87597.5,     676,     430,     302,     325
 87599.1,  87602.0,  87600.5,     593,     401,     240,      10
 87602.1,  87605.0,  87603.5,     568,     453,     234,     484
 87606.1,  87609.0,  87607.5,     626,     242,     205,     712
 87609.1,  87612.0,  87610.5,     569,     493,     231,     292
 87612.1,  87615.0,  87613.5,     534,     379,     223,      71
 87615.1,  87618.0,  87616.5,     634,     535,     223,     333
 87619.1,  87622.0,  87620.5,     604,     463,     242,     393
 87622.1,  87625.0,  87623.5,     738,     397,     240,     256
 87625.1,  87628.0,  87626.5,     651,     340,     209,     624
 87628.1,  87631.0,  87629.5,     695,     573,     136,     411
 87632.1,  87635.0,  87633.5,     748,     426,      58,     583
 87635.1,  87638.0,  87636.5,     776,     380,      57,     273
 87638.1,  87641.0,  87639.5,     714,     508,      90,     420
 87641.1,  87644.0,  87642.5,     668,     454,      77,     327
 87645.1,  87648.0,  87646.5,     660,     316,     137,     111
 87648.1,  87651.0,  87649.5,     623,     398,     153,     481
 87651.1,  87654.0,  87652.5,     647,     422,     211,     166
 87654.1,  87657.0,  87655.5,     638,     436,     203,     218
 87658.1,  87661.0,  87659.5,     521,     510,     173,      74
 87661.1,  87664.0,  87662.5,     583,     473,     191,     462
 87664.1,  87667.0,  87665.5,     529,     472,     163,     325
 87667.1,  87670.0,  87668.5,     578,     350,     211,     455
 87671.1,  87674.0,  87672.5,     657,     369,     206,     683
 87674.1,  87677.0,  87675.5,     595,     436,     123,     159
 87677.1,  87680.0,  87678.5,     698,     478,      92,     470
 87680.1,  87683.0,  87681.5,     692,     379,     218,     823
 87684.1,  87687.0,  87685.5,     627,     550,     203,     377
 87687.1,  87690.0,  87688.5,     747,     271,     493,     405
 87690.1,  87693.0,  87691.5,     801,     180,     348,     536
 87693.1,  87696.0,  87694.5,     805,     500,     215,     315
 87697.1,  87700.0,  87698.5,     828,     522,     114,     300
 87700.1,  87703.0,  87701.5,     995,     411,     190,     568
 87703.1,  87706.0,  87704.5,     909,     403,      87,     689
 87706.1,  87709.0,  87707.5,     534,     401,     -42,     549
 87710.1,  87713.0,  87711.5,     773,     315,     133,     537
 87713.1,  87716.0,  87714.5,     623,     314,     323,     677
 87716.1,  87719.0,  87717.5,     752,      86,     577,     545
 87719.1,  87722.0,  87720.5,     666,     241,     672,     569
 87846.1,  87849.0,  87847.5,     801,     401,     124,     693
 87849.1,  87852.0,  87850.5,     841,     338,     150,     850
 87853.1,  87856.0,  87854.5,     729,     464,     277,     708
 87856.1,  87859.0,  87857.5,     874,     336,     598,    1008
 87859.1,  87862.0,  87860.5,     724,     161,     491,     843
 87862.1,  87865.0,  87863.5,     782,     284,     505,     508
 87866.1,  87869.0,  87867.5,     762,     396,     107,     844
 87869.1,  87872.0,  87870.5,     757,     434,     157,     480
 87872.1,  87875.0,  87873.5,     983,     267,     321,    1066
 87875.1,  87878.0,  87876.5,     906,     330,     284,     655
 87879.1,  87882.0,  87880.5,    1063,     271,     305,     889
 87882.1,  87885.0,  87883.5,    1033,     260,     320,     785
 87885.1,  87888.0,  87886.5,     977,     332,     282,     732
 87888.1,  87891.0,  87889.5,     854,      67,     270,    1106
 87892.1,  87895.0,  87893.5,     917,     306,     286,     959
 87895.1,  87898.0,  87896.5,     925,     324,     491,     959
 87898.1,  87901.0,  87899.5,     947,     114,     515,     746
 87901.1,  87904.0,  87902.5,     943,     129,     456,    1121
 87905.1,  87908.0,  87906.5,    1075,     303,     548,     903
 87908.1,  87911.0,  87909.5,    1144,     171,     514,     987
 87911.1,  87914.0,  87912.5,    1074,     332,     306,    1060
 87914.1,  87917.0,  87915.5,    1215,     249,     329,     892
 87918.1,  87921.0,  87919.5,    1321,     304,     153,     933
 87921.1,  87924.0,  87922.5,    1292,     201,     154,     888
 87924.1,  87927.0,  87925.5,    1135,     233,     245,     957
 87927.1,  87930.0,  87928.5,    1193,     301,     286,    1082
 87931.1,  87934.0,  87932.5,     885,     318,     497,     901
 87934.1,  87937.0,  87935.5,     931,     250,     438,     803
 87937.1,  87940.0,  87938.5,     984,     128,     522,    1061
 87940.1,  87943.0,  87941.5,     961,     136,     515,    1215
 87944.1,  87947.0,  87945.5,    1075,     120,     402,     883
 87947.1,  87950.0,  87948.5,    1031,     353,     606,     769
 87950.1,  87953.0,  87951.5,    1026,    -146,     359,     969
 87953.1,  87956.0,  87954.5,    1154,    -121,     235,     633
 87957.1,  87960.0,  87958.5,    1403,     137,     246,    1321
 87960.1,  87963.0,  87961.5,    1353,     541,     324,     734
 87963.1,  87966.0,  87964.5,    1293,     415,     183,     816
 87966.1,  87969.0,  87967.5,    1326,     472,     176,     910
 87970.1,  87973.0,  87971.5,    1187,     270,     376,    1214
 87973.1,  87976.0,  87974.5,    1058,     164,     652,     813
 87976.1,  87979.0,  87977.5,    1086,     275,     621,     855
 87979.1,  87982.0,  87980.5,    1115,     323,     511,     987
 87983.1,  87986.0,  87984.5,    1216,     127,     557,    1176
 87986.1,  87989.0,  87987.5,    1233,     117,     639,    1140
 87989.1,  87992.0,  87990.5,    1131,     382,     617,    1203
 87992.1,  87995.0,  87993.5,    1280,     127,     541,    1343
 87996.1,  87999.0,  87997.5,    1256,     405,     675,    1297
 87999.1,  88002.0,  88000.5,    1250,     233,     581,    1030
 88002.1,  88005.0,  88003.5,    1463,     221,     438,     987
 88005.1,  88008.0,  88006.5,    1354,     359,     424,    1278
 88009.1,  88012.0,  88010.5,    1673,     268,     338,    1233
 88012.1,  88015.0,  88013.5,    1594,     522,     448,    1685
 88015.1,  88018.0,  88016.5,    1700,     327,     316,    1027
 88018.1,  88021.0,  88019.5,    1531,     292,      66,     941
 88022.1,  88025.0,  88023.5,    1341,     930,     343,    1042
 88025.1,  88028.0,  88026.5,    1187,     113,     559,    1195
 88028.1,  88031.0,  88029.5,    1137,      63,     516,    1179
 88031.1,  88034.0,  88032.5,    1236,     430,     582,    1206
 88035.1,  88038.0,  88036.5,    1303,     406,     448,    1245
 88038.1,  88041.0,  88039.5,    1304,     641,     402,     972
 88041.1,  88044.0,  88042.5,    1161,     440,     489,    1220
 88044.1,  88047.0,  88045.5,    1122,      75,     568,    1701
 88048.1,  88051.0,  88049.5,    1107,     421,     453,    1385
 88051.1,  88054.0,  88052.5,    1301,      35,     558,    1362
 88054.1,  88057.0,  88055.5,    1235,     359,     641,    1562
 88057.1,  88060.0,  88058.5,    1174,     881,     487,    1128
 88061.1,  88064.0,  88062.5,    1120,     114,     481,    1596
 88064.1,  88067.0,  88065.5,    1278,     133,     760,    1702
 88067.1,  88070.0,  88068.5,    1379,     166,     593,    2129
 88070.1,  88073.0,  88071.5,    1413,     380,     687,    1800
 88074.1,  88077.0,  88075.5,    1491,     586,     511,    2172
 88077.1,  88080.0,  88078.5,    1474,     394,     563,    1528
 88080.1,  88083.0,  88081.5,    1438,     258,     574,    1457
 88083.1,  88086.0,  88084.5,    1437,     612,     569,    1453
 88087.1,  88090.0,  88088.5,    1298,     506,     703,    1836
 88090.1,  88093.0,  88091.5,    1419,     723,     699,    2133
 88093.1,  88096.0,  88094.5,    1236,     674,     649,    1487
 88096.1,  88099.0,  88097.5,    1453,     672,     630,    1425
 88100.1,  88103.0,  88101.5,    1519,     411,     674,    1742
 88103.1,  88106.0,  88104.5,    1309,     493,     582,    1576
 88106.1,  88109.0,  88107.5,    1586,     517,     654,    1932
 88109.1,  88112.0,  88110.5,    1250,     983,     663,    2066
 88113.1,  88116.0,  88114.5,    1265,     199,     574,    1827
 88116.1,  88119.0,  88117.5,    1285,     455,     659,    1895
 88119.1,  88122.0,  88120.5,    1172,     260,     756,    2078
 88122.1,  88125.0,  88123.5,    1305,     206,     717,    2245
 88126.1,  88129.0,  88127.5,    1249,     301,     783,    2118
 88129.1,  88132.0,  88130.5,    1073,     374,     783,    2058
 88132.1,  88135.0,  88133.5,    1157,      23,     917,    2898
 88135.1,  88138.0,  88136.5,     958,    -322,     841,    2821
 88139.1,  88142.0,  88140.5,    1063,    -637,     789,    2554
 88142.1,  88145.0,  88143.5,    1190,    -383,     783,    1900
 88145.1,  88148.0,  88146.5,    1124,    -274,     616,    2115
 88148.1,  88151.0,  88149.5,    1242,     179,     665,    2244
 88152.1,  88155.0,  88153.5,    1264,      -1,     637,    2139
 88155.1,  88158.0,  88156.5,    1297,     343,     768,    2365
 88158.1,  88161.0,  88159.5,    1251,     257,     525,    1730
 88161.1,  88164.0,  88162.5,    1319,     331,     707,    2140
 88165.1,  88168.0,  88166.5,    1228,     448,     525,    2060
 88168.1,  88171.0,  88169.5,    1034,     179,     567,    1895
 88171.1,  88174.0,  88172.5,    1234,     220,     681,    1757
 88174.1,  88177.0,  88175.5,    1326,     401,     724,    2530
 88178.1,  88181.0,  88179.5,    1309,     349,     683,    2282
 88181.1,  88184.0,  88182.5,    1239,     200,     550,    1817
 88184.1,  88187.0,  88185.5,    1114,     101,     711,    2374
 88187.1,  88190.0,  88188.5,    1328,     144,     699,    1870
 88191.1,  88194.0,  88192.5,    1128,     343,     569,    2269
 88194.1,  88197.0,  88195.5,    1146,     348,     796,    2223
 88197.1,  88200.0,  88198.5,    1023,     109,     839,    2142
