FRAPPE-OH-H2SO4_C130_20140731_R0.ict
40, 1001
MAULDIN.ROYL
Department of Atmospheric and Oceanic Sciences
OH, H2SO4, and MSA Concentrations from the NCAR C-130
FRAPPE
1, 1
2014, 07, 31, 2015, 04, 01
0
Start_UTC, seconds, (number of seconds from 0000 UTC)
4
1, 1, 1, 1
-99999, -99999, -999999999, -999999999
Stop_UTC, seconds, (number of seconds from 0000 UTC)
Mid_UTC, seconds, (number of seconds from 0000 UTC)
OH_cm-3, molec_cm-3, molecule_cm-3
H2SO4_cm-3, molec_cm-3, molecule_cm-3
4
These data have been filtered for unacceptable noise or other ancelarry parameters,
however there still may be some outlying points. These data have been reduced
with an altitude dependent calibration coefficient measured during the study.
Version 0
18
PI_CONTACT_INFO: 303-499-1135, ATOC, UCB 311, Boulder, CO 80309-0311, roy.mauldin@colorado.edu
PLATFORM: NCAR C-130
LOCATION: RMMA, Broomfield, CO
ASSOCIATED_DATA: N/A
INSTRUMENT_INFO: These data were collected using a CIMS based instrument that is part of the Mauldin/Cantrell HOx CIMS instrument.
DATA_INFO: Data are presented as 30 second averages.
UNCERTAINTY: approximately 45% (2 sigma)
ULOD_FLAG: -777777777 
ULOD_VALUE: N/A, N/A, N/A, N/A
LLOD_FLAG: -888888888 
LLOD_VALUE: N/A, N/A, N/A, N/A
DM_CONTACT_INFO: ???
PROJECT_INFO: 16 July - 16 August 2014; https://www.eol.ucar.edu/field_projects/frappe
STIPULATIONS_ON_USE: contact PI BEFORE use/presentation/publication
OTHER_COMMENTS: N/A
REVISION: R0
R0: Final Data Apr_01_2015
Start_UTC, Stop_UTC,  Mid_UTC,   OH_cm-3,   H2SO4_cm-3
71820,      71849,      71835,      7532040,      8292132
71850,      71879,      71865,      18167426,      17538430
71880,      71909,      71895,      11950145,      17675678
71910,      71939,      71925,      13158872,      31947568
71940,      71969,      71955,      11685112,      6233691
71970,      71999,      71985,      14761232,      6492326
72000,      72029,      72015,      9500609,      3140305
72030,      72059,      72045,      12362827,      7867626
72060,      72089,      72075,      13157072,      3650165
72090,      72119,      72105,      9888479,      4311468
72120,      72149,      72135,      8684129,      3247612
72150,      72179,      72165,      9048509,      3289010
72180,      72209,      72195,      8065295,      2317855
72210,      72239,      72225,      7112860,      3846765
72240,      72269,      72255,      6707611,      3416281
72270,      72299,      72285,      4415364,      1995744
72300,      72329,      72315,      5883755,      2075415
72330,      72359,      72345,      5711427,      2358519
72360,      72389,      72375,      3814649,      1975826
72390,      72419,      72405,      7892279,      2278681
72420,      72449,      72435,      6538831,      2582613
72450,      72479,      72465,      3958453,      2261949
72480,      72509,      72495,      3827907,      2207300
72510,      72539,      72525,      5249592,      2465683
72540,      72569,      72555,      6462400,      2240862
72570,      72599,      72585,      6238492,      2073484
72600,      72629,      72615,      5485555,      2085178
72630,      72659,      72645,      6549912,      2255326
72660,      72689,      72675,      13934972,      4323014
72690,      72719,      72705,      8744178,      3190125
72720,      72749,      72735,      7363886,      2804010
72750,      72779,      72765,      5188609,      3637078
72780,      72809,      72795,      9077511,      3393675
72810,      72839,      72825,      9485292,      3552436
72840,      72869,      72855,      -999999999,      -999999999
72870,      72899,      72885,      -999999999,      -999999999
72900,      72929,      72915,      -999999999,      -999999999
72930,      72959,      72945,      -999999999,      -999999999
72960,      72989,      72975,      -999999999,      -999999999
72990,      73019,      73005,      -999999999,      -999999999
73020,      73049,      73035,      -999999999,      -999999999
73050,      73079,      73065,      -999999999,      -999999999
73080,      73109,      73095,      -999999999,      -999999999
73110,      73139,      73125,      -999999999,      -999999999
73140,      73169,      73155,      7259766,      2706225
73170,      73199,      73185,      5427259,      2544647
73200,      73229,      73215,      4344325,      2579823
73230,      73259,      73245,      4357020,      3597311
73260,      73289,      73275,      3537929,      2731953
73290,      73319,      73305,      6837256,      2991710
73320,      73349,      73335,      4922355,      3273018
73350,      73379,      73365,      4752848,      3489507
73380,      73409,      73395,      5373488,      2961250
73410,      73439,      73425,      5514782,      3921613
73440,      73469,      73455,      5950444,      3285106
73470,      73499,      73485,      4792328,      2714676
73500,      73529,      73515,      6199109,      4268897
73530,      73559,      73545,      5412457,      4415604
73560,      73589,      73575,      4625073,      2665106
73590,      73619,      73605,      4296954,      3232874
73620,      73649,      73635,      4014046,      3088911
73650,      73679,      73665,      6098843,      3154969
73680,      73709,      73695,      6083193,      2769723
73800,      73829,      73815,      3563763,      2851035
73830,      73859,      73845,      2466159,      1999309
73860,      73889,      73875,      4034555,      1938064
73890,      73919,      73905,      4133629,      1819507
73920,      73949,      73935,      4086549,      1359018
73950,      73979,      73965,      2923155,      988851
73980,      74009,      73995,      3409755,      1718655
74010,      74039,      74025,      5278197,      754240
74040,      74069,      74055,      3772463,      1146888
74070,      74099,      74085,      4530970,      1350476
74100,      74129,      74115,      3622139,      1326033
74130,      74159,      74145,      4229080,      913623
74160,      74189,      74175,      4309677,      2137555
74190,      74219,      74205,      4617223,      1487491
74220,      74249,      74235,      4178618,      2170773
74250,      74279,      74265,      3644180,      975386
74280,      74309,      74295,      3628483,      1078076
74310,      74339,      74325,      3536717,      558284
74340,      74369,      74355,      3558849,      718173
74370,      74399,      74385,      5232676,      1008293
74400,      74429,      74415,      4780906,      1681003
74430,      74459,      74445,      5014585,      2382263
74460,      74489,      74475,      6105182,      2025494
74490,      74519,      74505,      3325452,      1030578
74520,      74549,      74535,      5315903,      1563821
74550,      74579,      74565,      5068654,      1523387
74580,      74609,      74595,      6977718,      2117968
74610,      74639,      74625,      7162204,      1350012
74640,      74669,      74655,      6995172,      2459878
74670,      74699,      74685,      5217017,      2671480
74700,      74729,      74715,      9161904,      3051438
74730,      74759,      74745,      8388247,      2299491
74760,      74789,      74775,      9141523,      2569549
74790,      74819,      74805,      6807001,      3579501
74820,      74849,      74835,      11970330,      2818034
74850,      74879,      74865,      8646047,      3297875
74880,      74909,      74895,      6442517,      1927323
74910,      74939,      74925,      6966911,      2087013
74940,      74969,      74955,      7885122,      1707972
74970,      74999,      74985,      7710005,      1714956
75000,      75029,      75015,      9062189,      1901643
75030,      75059,      75045,      7383810,      1214573
75060,      75089,      75075,      5431266,      1390625
75090,      75119,      75105,      6190360,      1663455
75120,      75149,      75135,      6444285,      1286973
75150,      75179,      75165,      5582111,      1284339
75180,      75209,      75195,      3569724,      2237220
75210,      75239,      75225,      5294053,      1352527
75240,      75269,      75255,      4337172,      1591928
75270,      75299,      75285,      4161418,      918544
75300,      75329,      75315,      4052345,      939459
75330,      75359,      75345,      3111760,      833777
75360,      75389,      75375,      3211065,      1256228
75390,      75419,      75405,      2604887,      1519482
75450,      75479,      75465,      2648746,      700627
75480,      75509,      75495,      2589395,      680623
75510,      75539,      75525,      2008507,      594776
75540,      75569,      75555,      2073519,      812020
75570,      75599,      75585,      2168460,      849630
75600,      75629,      75615,      2057605,      1117844
75630,      75659,      75645,      2271086,      1171326
75660,      75689,      75675,      2196236,      1222672
75780,      75809,      75795,      1630961,      1189768
75810,      75839,      75825,      -999999999,      -999999999
75840,      75869,      75855,      -999999999,      -999999999
75870,      75899,      75885,      -999999999,      -999999999
75900,      75929,      75915,      -999999999,      -999999999
75930,      75959,      75945,      -999999999,      -999999999
75960,      75989,      75975,      -999999999,      -999999999
75990,      76019,      76005,      -999999999,      -999999999
76020,      76049,      76035,      -999999999,      -999999999
76050,      76079,      76065,      -999999999,      -999999999
76080,      76109,      76095,      1435022,      452886
76110,      76139,      76125,      1720400,      470104
76140,      76169,      76155,      1498583,      890769
76260,      76289,      76275,      1008866,      593401
76290,      76319,      76305,      1118548,      779359
76320,      76349,      76335,      1195733,      617620
76350,      76379,      76365,      1033959,      490710
76380,      76409,      76395,      935414,      517492
76410,      76439,      76425,      1000337,      457804
76440,      76469,      76455,      916694,      311640
76470,      76499,      76485,      975128,      549864
76500,      76529,      76515,      1086054,      468934
76530,      76559,      76545,      999913,      470310
76590,      76619,      76605,      1163077,      462254
76620,      76649,      76635,      1217507,      481390
76650,      76679,      76665,      1092150,      508450
76680,      76709,      76695,      1359549,      620068
76710,      76739,      76725,      1105171,      400875
76740,      76769,      76755,      1222658,      444393
76770,      76799,      76785,      1173710,      390167
76800,      76829,      76815,      1186774,      411977
76830,      76859,      76845,      1252631,      501722
76860,      76889,      76875,      979953,      477067
76890,      76919,      76905,      1140238,      667551
76920,      76949,      76935,      1128323,      374921
76950,      76979,      76965,      1080010,      413159
76980,      77009,      76995,      1094734,      604122
77010,      77039,      77025,      1101757,      575390
77040,      77069,      77055,      1281323,      548102
77070,      77099,      77085,      1339500,      594391
77100,      77129,      77115,      1079081,      607719
77130,      77159,      77145,      1533232,      690499
77160,      77189,      77175,      1497913,      554771
77220,      77249,      77235,      1295248,      516197
77250,      77279,      77265,      1122080,      446672
77280,      77309,      77295,      1190572,      415553
77310,      77339,      77325,      988189,      476227
77340,      77369,      77355,      1335765,      404550
77370,      77399,      77385,      1534745,      502068
77430,      77459,      77445,      1880109,      852795
77460,      77489,      77475,      2153097,      847338
77490,      77519,      77505,      2265400,      794913
77520,      77549,      77535,      1974744,      852160
77550,      77579,      77565,      1766391,      715901
77580,      77609,      77595,      2095044,      582571
77610,      77639,      77625,      2484620,      583217
77640,      77669,      77655,      2320966,      635905
77670,      77699,      77685,      2306380,      690540
77700,      77729,      77715,      2060146,      525357
77730,      77759,      77745,      1780925,      564324
77760,      77789,      77775,      1407832,      404255
77790,      77819,      77805,      1070664,      324739
77820,      77849,      77835,      992710,      330135
77850,      77879,      77865,      914232,      394367
77880,      77909,      77895,      1054029,      170506
77910,      77939,      77925,      845383,      252016
77940,      77969,      77955,      1541367,      332922
77970,      77999,      77985,      1941696,      372102
78000,      78029,      78015,      1614975,      431411
78030,      78059,      78045,      1728527,      361111
78060,      78089,      78075,      1661732,      300379
78090,      78119,      78105,      1742121,      367616
78120,      78149,      78135,      2639421,      426514
78150,      78179,      78165,      3679237,      383070
78180,      78209,      78195,      3536024,      390232
78210,      78239,      78225,      3904574,      992509
78240,      78269,      78255,      5057875,      1035873
78270,      78299,      78285,      2265862,      864411
78300,      78329,      78315,      1259373,      817685
78330,      78359,      78345,      3006793,      811645
78360,      78389,      78375,      -999999999,      -999999999
78390,      78419,      78405,      -999999999,      -999999999
78420,      78449,      78435,      -999999999,      -999999999
78450,      78479,      78465,      -999999999,      -999999999
78480,      78509,      78495,      -999999999,      -999999999
78510,      78539,      78525,      -999999999,      -999999999
78540,      78569,      78555,      -999999999,      -999999999
78570,      78599,      78585,      -999999999,      -999999999
78600,      78629,      78615,      -999999999,      -999999999
78630,      78659,      78645,      -999999999,      -999999999
78660,      78689,      78675,      -999999999,      -999999999
78690,      78719,      78705,      -999999999,      -999999999
78720,      78749,      78735,      -999999999,      -999999999
78750,      78779,      78765,      -999999999,      -999999999
78780,      78809,      78795,      -999999999,      -999999999
78810,      78839,      78825,      2519866,      335066
78840,      78869,      78855,      2163203,      490962
78870,      78899,      78885,      2240589,      287206
78900,      78929,      78915,      2011015,      491360
78930,      78959,      78945,      1512970,      1009214
78960,      78989,      78975,      1239091,      1069720
78990,      79019,      79005,      1460395,      1125698
79020,      79049,      79035,      1773156,      1061865
79050,      79079,      79065,      1225167,      1598226
79080,      79109,      79095,      1728223,      415612
79110,      79139,      79125,      1275040,      1288404
79140,      79169,      79155,      1329233,      1348920
79170,      79199,      79185,      1496740,      1069571
79200,      79229,      79215,      2180023,      1724458
79230,      79259,      79245,      3539691,      391258
79260,      79289,      79275,      3908789,      624963
79290,      79319,      79305,      4307468,      602061
79320,      79349,      79335,      4403452,      675911
79350,      79379,      79365,      5058505,      1505501
79380,      79409,      79395,      6404803,      1181915
79410,      79439,      79425,      6539782,      3898481
79440,      79469,      79455,      4777346,      15844964
79470,      79499,      79485,      4356063,      1022901
79500,      79529,      79515,      2556240,      886821
79530,      79559,      79545,      3303265,      1241004
79560,      79589,      79575,      2938212,      958352
79590,      79619,      79605,      2844710,      1378601
79620,      79649,      79635,      5557864,      1350784
79650,      79679,      79665,      3038045,      896851
79680,      79709,      79695,      1897455,      504346
79710,      79739,      79725,      3248507,      1051396
79740,      79769,      79755,      3079645,      1803395
79770,      79799,      79785,      -999999999,      -999999999
79800,      79829,      79815,      -999999999,      -999999999
79830,      79859,      79845,      -999999999,      -999999999
79860,      79889,      79875,      -999999999,      -999999999
79890,      79919,      79905,      -999999999,      -999999999
79920,      79949,      79935,      -999999999,      -999999999
79950,      79979,      79965,      -999999999,      -999999999
79980,      80009,      79995,      -999999999,      -999999999
80010,      80039,      80025,      -999999999,      -999999999
80040,      80069,      80055,      -999999999,      -999999999
80070,      80099,      80085,      -999999999,      -999999999
80100,      80129,      80115,      -999999999,      -999999999
80130,      80159,      80145,      6776823,      1004658
80160,      80189,      80175,      6859378,      1343340
80190,      80219,      80205,      6816960,      1171671
80220,      80249,      80235,      6121909,      1668857
80250,      80279,      80265,      7502506,      1803999
80280,      80309,      80295,      7116001,      1572069
80310,      80339,      80325,      6344328,      2810168
80340,      80369,      80355,      8711430,      4818943
