FRAPPE-TOGA_C130_20140731_R2.ict
90,1001
Eric Apel, Rebecca Hornbrook, Alan Hills
Atmospheric Chemistry Division/NESL/NCAR
Trace Organic Gases measured with TOGA on the C-130
FRAPPE_CO_2014
1,1
2014, 7, 31, 2016, 1, 8
0
Start_UTC, seconds, number_of_seconds_from_0000_UTC
56
1,1,1,1,1,1,1,1,1,1,1,1,1,1,1,1,1,1,1,1.0,1,1,1,1,1,1,1,1,1,1,1,1,1,1,1,1,1,1,1,1,1,1,1,1,1,1,1,1,1,1,1,1,1,1,1,1
-999,-999,-999,-999,-999,-999,-999,-999,-999,-999,-999,-999,-999,-999,-999,-999,-999,-999,-999,-999,-999,-999,-999,-999,-999,-999,-999,-999,-999,-999,-999,-999,-999,-999,-999,-999,-999,-999,-999,-999,-999,-999,-999,-999,-999,-999,-999,-999,-999,-999,-999,-999,-999,-999,-999,-999
Stop_UTC, seconds
Mid-point_UTC, seconds
C3H8, pptv
CH2O, pptv
HCN, pptv
i_Butane, pptv
n_Butane, pptv
Acetaldehyde, pptv
i_Butene_1_Butene, pptv
Methyl_Bromide, pptv
i_Pentane, pptv
n_Pentane, pptv
Methanol, pptv
Ethanol, pptv
Acrolein, pptv
Isoprene, pptv
DMS, pptv
CFC11, pptv
CFC113, pptv
Propanal, pptv
Acetone, pptv
2_Methylpentane, pptv
3_Methylpentane, pptv
n_Hexane, pptv
Dichloromethane, pptv
CH3CN, pptv
MACR, pptv
MVK, pptv
3_MethylFuran, pptv
Butanal, pptv
MEK, pptv
Chloroform, pptv
Carbon_Tetrachloride, pptv
EthylNitrate, pptv
I_PropylNitrate, pptv
MBO, pptv
Benzene, pptv
n_Heptane, pptv
Bromodichloromethane, pptv
Dibromomethane, pptv
tert_ButylNitrate, pptv
2_ButylNitrate_n_ButylNitrate, pptv
2_PentylNitrate_3_PentylNitrate, pptv
Toluene, pptv
Ethylbenzene_m_p_Xylene, pptv
o_Xylene, pptv
Tetrachloroethylene, pptv
Dibromochloromethane, pptv
Chlorobenzene, pptv
Bromoform, pptv
Alpha_Pinene, pptv
Camphene, pptv
Beta_Pinene, pptv
d_Limonene_3_Carene, pptv
1_2_4_Trimethylbenzene, pptv
1_2_3_Trimethylbenzene, pptv
0
20
PI_CONTACT_INFO: 303-497-1452, NCAR, 3450 Mitchell Lane, Boulder, CO 80307, apel@ucar.edu
PLATFORM: NCAR/NSF C-130
LOCATION: Latitude, Longitude and Altitude are in C-130 ADS files
ASSOCIATED_DATA: N/A
INSTRUMENT_INFO: Trace Organic Gas Analyzer
DATA_INFO: 35-second integrated sampling time
UNCERTAINTY: reported below in OTHER_COMMENTS for each VOC as a relative uncertainty (in %) and an absolute uncertainty (in pptv), whichever is greater.
ULOD_FLAG: -777
ULOD_VALUE: N/A
LLOD_FLAG: -888
LLOD_VALUE: N/A,N/A,10,2,10,0.5,0.5,5,1,1,0.5,0.5,20,10,1,1,0.5,1,1,5.0,20,0.5,0.5,0.5,1,1,1,1,1,1,1,1,1,0.5,1,0.5,1,3,0.5,0.03,1,1,1,0.5,0.3,0.2,0.3,0.02,0.1,0.1,0.2,0.5,0.5,0.5,1,1
DM_CONTACT_INFO: Eric Apel, apel@ucar.edu
PROJECT_INFO: FRAPPÉ study July-August 2014, field catalog: http://catalog.eol.ucar.edu/frappe
STIPULATIONS_ON_USE: contact PI BEFORE use/presentation/publication
OTHER_COMMENTS: uncertainties:
OTHER_COMMENTS:  C3H8: 30% or 20,CH2O: 40% or 40,HCN: 50% or 20,i_Butane: 15% or 1,n_Butane: 15% or 1,Acetaldehyde: 20% or 10,i_Butene_1_Butene: 50% or 2,Methyl_Bromide: 20% or 2,i_Pentane: 15% or 1,n_Pentane: 15% or 1,Methanol: 30% or 40,Ethanol: 30% or 20,Acrolein: 30% or 2,Isoprene: 15% or 2,DMS: 15% or 1,CFC11: 20% or 10,CFC113: 20% or 2,Propanal: 20% or 10,Acetone: 20% or 40,2_Methylpentane: 15% or 1,3_Methylpentane: 15% or 1,n_Hexane: 15% or 1,Dichloromethane: 15% or 2,CH3CN: 40% or 2,MACR: 20% or 2,MVK: 20% or 2,3_MethylFuran: 20% or 2,Butanal: 30% or 2,MEK: 20% or 2,Chloroform: 15% or 2,Carbon_Tetrachloride: 30% or 2,EthylNitrate: 50% or 2,I_PropylNitrate: 25% or 2,MBO: 30% or 1,Benzene: 15% or 2,n_Heptane: 30% or 6,Bromodichloromethane: 20% or 0.1,Dibromomethane: 15% or 0.06,tert_ButylNitrate: 50% or 2,2_ButylNitrate_n_ButylNitrate: 40% or 2,2_PentylNitrate_2_PentylNitrate: 30% or 2,Toluene: 15% or 1,Ethylbenzene_m_p_Xylene: 20% or 0.6,o_Xylene: 20% or 0.4,Tetrachloroethylene: 15% or 0.6,Dibromochloromethane: 15% or 0.06,Chlorobenzene: 15% or 0.2,Bromoform: 30% or 0.4,Alpha_Pinene: 30% or 0.4,Camphene: 30% or 1,Beta_Pinene: 30% or 1,d_Limonene_3_Carene: 30% or 1,1_2_4_Trimethylbenzene: 50% or 2,1_2_3_Trimethylbenzene: 50% or 2,,,
REVISION: R2, R1
R2: final data, no change from preliminary data
R1: preliminary data
Start_UTC,Stop_UTC,Mid-point_UTC,C3H8,CH2O,HCN,i_Butane,n_Butane,Acetaldehyde,i_Butene_1_Butene,Methyl_Bromide,i_Pentane,n_Pentane,Methanol,Ethanol,Acrolein,Isoprene,DMS,CFC11,CFC113,Propanal,Acetone,2_Methylpentane,3_Methylpentane,n_Hexane,Dichloromethane,CH3CN,MACR,MVK,3_MethylFuran,Butanal,MEK,Chloroform,Carbon_Tetrachloride,EthylNitrate,I_PropylNitrate,MBO,Benzene,n_Heptane,Bromodichloromethane,Dibromomethane,tert_ButylNitrate,2_ButylNitrate_n_ButylNitrate,2_PentylNitrate_3_PentylNitrate,Toluene,Ethylbenzene_m_p_Xylene,o_Xylene,Tetrachloroethylene,Dibromochloromethane,Chlorobenzene,Bromoform,Alpha_Pinene,Camphene,Beta_Pinene,d_Limonene_3_Carene,1_2_4_Trimethylbenzene,1_2_3_Trimethylbenzene
[from data line 111]
85565,85600,85583,328,196,290,16.8,30.2,69,2.6,5.89,6.1,8.8,1383,59,-888,-888,-888,230,64.8,-888,1097,-888,0.8,1.4,53.7,-999,-888,-888,-888,-888,34.6,11.11 ,-999,2.61 ,3.41 ,-888,9.8,-888,-888,0.84 ,-888,6.20 ,-999,0.9,-888,-888,1.73 ,-888,-999,0.43 ,-888,-888,-888,-888,3.34,6.32
85685,85720,85703,719,419,258,66.1,131.8,134,3.6,6.37,32.6,34.7,2876,124,-888,-888,-888,226,65.0,11.8,1698,7.3,1.9,6.7,42.7,-999,1.4,3.7,-888,2.9,87.4,9.71 ,-999,3.87 ,7.81 ,-888,13.1,-888,-888,0.82 ,3.48 ,17.03 ,-999,5.2,0.6,-888,1.77 ,0.17 ,-999,0.58 ,-888,-888,-888,-888,5.32,5.17
85805,85840,85823,543,624,300,44.3,88.9,129,5.5,7.12,21.0,23.2,3191,120,-888,-888,-888,231,62.6,7.2,1821,5.0,1.4,4.5,39.8,-999,1.2,-888,-888,1.4,89.5,8.64 ,-999,4.32 ,7.10 ,-888,12.8,-888,-888,0.87 ,-888,14.75 ,-999,3.2,0.4,-888,1.66 ,-888,-999,0.66 ,-888,-888,-888,-888,4.90,5.76
85925,85960,85943,495,603,305,45.2,78.7,134,3.1,6.50,20.0,20.4,3379,156,-888,-888,-888,234,62.7,8.2,1853,4.5,1.6,4.0,41.4,-999,3.3,6.4,-888,1.2,78.6,9.62 ,-999,4.28 ,6.26 ,-888,12.7,-888,-888,0.77 ,-888,12.31 ,-999,3.5,0.5,0.2,1.59 ,-888,-999,0.62 ,-888,-888,-888,-888,-888,7.35
86045,86080,86063,539,670,284,45.1,80.4,136,2.9,6.82,22.0,18.9,3370,111,-888,-888,0.8,234,64.3,7.5,1764,5.6,1.4,4.4,42.0,-999,2.6,6.9,-888,-888,76.3,8.80 ,-999,4.02 ,6.85 ,-888,12.2,-888,-888,0.74 ,-888,13.51 ,-999,4.0,0.5,-888,1.77 ,-888,-999,0.64 ,-888,-888,-888,-888,4.91,3.62
86165,86200,86183,720,422,227,68.7,140.8,146,4.5,5.53,33.4,37.0,3111,134,-888,-888,-888,224,63.1,7.8,1643,8.5,2.8,7.1,42.3,-999,3.6,8.9,-888,2.0,85.0,8.93 ,-999,3.10 ,6.56 ,-888,13.5,-888,-888,0.75 ,4.11 ,15.68 ,-999,6.0,0.7,-888,1.47 ,-888,-999,0.57 ,0.52 ,0.72 ,0.75 ,-888,-888,4.00
86285,86320,86303,594,339,283,40.3,93.3,95,3.4,6.72,22.2,23.6,2184,98,-888,-888,-888,233,66.5,5.9,1309,4.9,1.5,5.1,53.1,-999,2.0,6.1,-888,-888,49.0,10.85 ,-999,2.70 ,5.17 ,-888,10.9,-888,-888,0.74 ,-888,11.62 ,-999,3.9,0.6,-888,1.72 ,-888,-999,0.48 ,-888,-888,-888,-888,4.46,4.80
86405,86440,86423,156,73,273,9.8,14.8,54,1.7,6.38,-888,-888,984,50,-888,-888,-888,233,63.3,-888,831,-888,-888,-888,55.9,-999,-888,-888,-888,-888,12.4,11.93 ,-999,1.65 ,-888,-888,8.0,-888,-888,0.65 ,-888,-888,-999,0.8,-888,-888,1.68 ,-888,-999,0.32 ,-888,-888,-888,-888,2.67,3.26
86525,86560,86543,234,267,260,23.2,47.9,75,2.5,7.26,12.9,12.6,1774,84,-888,5.1,-888,228,62.7,6.6,1059,2.4,0.8,2.7,51.0,-999,2.4,8.8,-888,-888,37.3,10.03 ,-999,2.65 ,2.22 ,3.41 ,8.3,-888,-888,0.83 ,-888,-888,-999,2.6,0.5,0.2,1.57 ,-888,-999,0.43 ,1.10 ,1.97 ,1.97 ,1.18 ,5.48,5.34
86645,86680,86663,579,406,255,46.2,99.5,132,3.5,6.46,23.3,25.6,2825,151,-888,3.1,-888,237,66.1,5.9,1438,6.2,1.8,5.0,52.4,-999,5.1,13.6,-888,-888,59.9,11.06 ,-999,3.24 ,5.39 ,1.18 ,10.9,-888,-888,0.84 ,4.67 ,11.95 ,-999,4.5,0.5,0.2,1.80 ,-888,-999,0.44 ,0.46 ,1.46 ,1.52 ,1.37 ,5.91,4.38
86765,86800,86783,211,147,232,12.1,23.7,60,2.1,6.29,5.7,4.3,1254,97,-888,1.4,-888,236,66.4,-888,852,-888,-888,1.7,55.1,-999,3.5,7.3,-888,-888,15.5,11.11 ,-999,2.54 ,2.90 ,-888,7.6,-888,-888,0.76 ,-888,-888,-999,1.9,0.4,-888,1.58 ,-888,-999,0.36 ,1.66 ,1.05 ,1.05 ,-888,5.20,5.04
86885,86920,86903,398,340,246,31.9,71.7,142,3.4,6.62,15.2,18.5,2726,273,-888,18.0,-888,229,63.5,9.8,1257,2.6,-888,3.5,51.8,-999,11.9,43.1,-888,2.3,43.2,11.44 ,-999,2.44 ,3.66 ,11.84 ,9.5,-888,-888,0.78 ,-888,8.28 ,-999,5.7,0.8,-888,1.72 ,-888,-999,0.52 ,2.82 ,6.26 ,4.99 ,3.98 ,4.70,5.83
87005,87040,87023,117,147,289,6.2,10.7,28,-888,7.00,3.3,2.4,870,49,-888,-888,-888,241,64.1,-888,693,-888,-888,-888,56.2,-999,-888,-888,-888,-888,7.4,11.40 ,-999,-888,-888,-888,6.3,-888,-888,0.82 ,-888,-888,-999,0.6,-888,-888,1.53 ,-888,-999,0.33 ,-888,-888,-888,-888,-888,-888
87125,87160,87143,62,-888,250,1.9,1.4,17,-888,5.97,-888,-888,407,28,-888,-888,-888,231,62.7,-888,474,-888,-888,-888,58.9,-999,-888,-888,-888,-888,-888,9.94 ,-999,-888,-888,-888,4.0,-888,-888,0.59 ,-888,-888,-999,-888,-888,-888,1.55 ,0.23 ,-999,0.29 ,-888,-888,-888,-888,-888,-888
87364,87399,87382,36,-888,263,2.0,4.0,28,-888,6.28,-888,-888,621,46,-888,-888,-888,242,66.9,-888,619,-888,-888,-888,66.0,-999,-888,-888,-888,-888,4.1,10.71 ,-999,-888,-888,-888,4.8,-888,-888,0.79 ,-888,-888,-999,-888,-888,-888,1.54 ,-888,0.37 ,0.29 ,-888,-888,-888,-888,4.09,5.49
87485,87520,87503,70,-888,245,2.1,2.7,28,1.7,6.52,-888,-888,647,38,-888,-888,-888,237,64.8,-888,625,-888,-888,-888,64.7,-999,-888,-888,-888,-888,2.4,10.55 ,-999,-888,-888,-888,4.8,-888,-888,0.86 ,-888,-888,-999,-888,-888,-888,1.62 ,-888,0.42 ,0.28 ,0.55 ,-888,-888,-888,4.66,4.49
87605,87640,87623,68,53,254,3.5,4.9,29,1.3,6.58,-888,-888,855,49,-888,-888,-888,237,67.3,5.7,781,-888,-888,-888,63.0,-999,-888,-888,-888,-888,6.8,11.99 ,-999,1.06 ,-888,-888,7.2,-888,-888,0.92 ,-888,-888,-999,0.6,-888,-888,1.69 ,-888,0.42 ,0.28 ,-888,-888,-888,-888,4.23,6.92
87725,87760,87743,370,376,280,32.6,67.1,145,2.6,7.25,16.1,18.9,2788,284,-888,23.6,-888,240,66.3,-888,1358,5.9,1.5,3.5,58.6,-999,11.4,35.3,-888,1.1,48.1,11.30 ,-999,3.42 ,4.02 ,14.67 ,9.8,-888,-888,0.81 ,-888,11.34 ,-999,4.8,1.0,-888,1.54 ,-888,0.40 ,0.59 ,2.51 ,6.32 ,5.53 ,3.65 ,-888,6.30
87845,87880,87863,367,264,259,27.2,51.8,100,3.4,6.54,11.2,13.2,2126,169,-888,6.2,-888,240,63.2,-888,1248,4.2,1.2,2.7,58.6,-999,6.7,18.0,-888,-888,36.9,10.23 ,-999,2.06 ,3.78 ,4.88 ,9.5,-888,-888,0.72 ,-888,8.81 ,-999,3.3,0.6,-888,1.73 ,-888,-888,0.43 ,1.42 ,2.53 ,2.05 ,-888,4.62,4.70
87965,88000,87983,667,487,278,50.8,106.4,134,3.9,6.95,26.1,26.6,3133,173,-888,7.7,-888,238,66.1,9.2,1645,7.2,1.9,5.5,52.9,-999,5.8,17.2,-888,1.5,74.0,10.03 ,-999,3.54 ,7.03 ,7.58 ,12.4,-888,-888,0.68 ,-888,11.62 ,-999,4.3,0.6,0.2,1.68 ,-888,-888,0.56 ,1.31 ,2.20 ,2.71 ,3.10 ,7.31,5.12
88085,88120,88103,930,663,293,70.4,151.2,215,6.0,6.48,37.8,38.8,3650,247,-888,61.5,-888,241,71.4,13.0,1910,9.9,2.9,8.5,54.7,-999,23.3,84.3,-888,3.8,91.6,10.59 ,-999,3.28 ,7.91 ,64.14 ,14.1,-888,-888,0.85 ,5.33 ,17.39 ,-999,10.3,1.5,0.2,1.92 ,0.22 ,0.31 ,0.62 ,8.49 ,14.94 ,18.57 ,18.86 ,7.53,11.41
88205,88240,88223,858,853,259,69.9,138.9,266,5.2,6.56,39.5,40.6,4718,486,1.4,176.6,-888,237,69.1,11.7,1985,11.8,3.4,8.1,56.1,-999,29.3,89.5,1.9,5.5,90.9,11.39 ,-999,3.40 ,7.10 ,189.98 ,14.9,-888,-888,0.65 ,4.21 ,18.25 ,-999,17.4,3.1,0.8,2.18 ,-888,0.34 ,0.46 ,30.60 ,36.60 ,66.53 ,95.24 ,40.96,39.29
88325,88360,88343,771,841,250,67.4,142.2,227,5.9,6.77,39.0,39.4,3983,382,-888,119.2,-888,237,65.8,20.5,1983,11.9,3.6,8.8,54.6,-999,31.0,97.2,1.2,6.1,85.9,11.21 ,-999,3.63 ,8.16 ,104.25 ,14.9,-888,-888,0.76 ,2.99 ,17.81 ,-999,13.9,3.1,0.9,1.97 ,0.26 ,0.34 ,0.63 ,14.20 ,19.25 ,28.01 ,34.29 ,11.19,21.06
88445,88480,88463,822,825,228,68.6,138.3,232,5.5,6.62,39.2,37.1,3710,389,-888,118.2,-888,235,63.5,19.2,1875,12.1,3.5,8.0,52.9,-999,26.8,96.6,-888,2.3,88.6,10.94 ,-999,3.65 ,7.51 ,108.97 ,14.9,3.0,-888,0.67 ,5.59 ,21.41 ,-999,14.5,3.1,1.2,1.93 ,-888,0.25 ,0.74 ,13.37 ,19.70 ,29.84 ,35.99 ,14.81,19.67
88565,88600,88583,561,466,227,43.3,92.6,150,3.0,6.48,22.9,25.5,2500,200,-888,21.5,-888,233,63.7,12.7,1415,6.3,2.3,4.7,56.4,-999,8.8,35.3,-888,1.8,54.1,10.54 ,-999,3.31 ,5.31 ,25.29 ,10.8,-888,-888,0.59 ,4.31 ,9.39 ,-999,5.7,1.0,-888,1.88 ,-888,0.44 ,0.41 ,3.15 ,4.38 ,6.44 ,6.72 ,7.55,7.74
88685,88720,88703,571,360,189,38.7,86.4,109,4.7,6.59,18.3,21.5,2451,144,-888,7.3,-888,230,65.3,9.4,1448,5.2,1.9,4.9,53.7,-999,7.1,20.7,-888,2.5,50.8,10.64 ,-999,2.69 ,3.90 ,7.62 ,10.8,-888,-888,0.80 ,-888,10.20 ,-999,4.4,0.8,-888,1.63 ,-888,0.25 ,0.47 ,1.21 ,2.89 ,2.57 ,2.14 ,5.94,3.86
88805,88840,88823,789,665,287,58.7,127.0,188,4.6,7.22,31.0,29.5,3181,190,-888,2.8,-888,237,67.8,14.2,1834,9.2,2.4,6.1,52.1,-999,4.1,6.6,-888,2.3,100.7,10.07 ,-999,3.85 ,8.46 ,6.08 ,13.0,-888,-888,0.82 ,5.26 ,17.95 ,-999,6.2,1.2,0.3,2.14 ,0.18 ,0.30 ,0.63 ,0.96 ,1.19 ,1.38 ,2.35 ,4.61,6.10
88925,88960,88943,770,1304,325,59.7,132.1,364,4.4,7.24,62.3,40.5,3928,683,-888,5.3,-888,235,66.7,15.8,2129,19.6,6.9,15.4,72.7,-999,11.0,37.2,-888,4.1,104.2,13.05 ,-999,3.83 ,8.05 ,29.63 ,19.6,6.1,-888,0.80 ,7.48 ,18.28 ,-999,29.0,7.3,2.1,2.93 ,-888,0.20 ,0.54 ,3.86 ,2.72 ,4.12 ,7.83 ,16.65,8.79
89045,89080,89063,1136,1345,296,103.3,231.1,377,7.4,5.95,85.6,76.5,3948,713,-888,9.4,0.9,235,64.1,27.3,1775,26.7,8.9,19.6,56.9,-999,9.5,33.4,-888,5.5,119.9,11.30 ,-999,3.85 ,8.58 ,82.30 ,19.2,6.7,-888,0.91 ,4.59 ,21.65 ,-999,20.8,5.0,1.5,2.43 ,0.13 ,0.36 ,0.46 ,9.45 ,6.11 ,11.87 ,23.32 ,16.59,16.64
89165,89200,89183,2349,1388,266,266.9,645.8,435,17.6,6.57,195.5,186.5,4138,633,-888,13.5,-888,235,62.6,34.2,1892,51.1,16.0,42.1,59.4,-999,11.2,36.8,-888,3.1,167.1,12.00 ,-999,4.00 ,10.93 ,88.69 ,24.6,14.6,-888,0.69 ,5.82 ,35.68 ,-999,28.3,8.3,2.4,2.97 ,0.27 ,0.20 ,0.44 ,9.31 ,5.95 ,13.04 ,26.54 ,20.14,18.81
89285,89320,89303,3004,1546,243,344.1,908.9,563,22.8,6.51,254.0,261.5,4369,697,1.8,13.9,-888,238,65.7,56.7,2192,73.6,22.9,58.0,60.6,-999,13.0,46.8,-888,6.7,254.7,12.00 ,-999,6.13 ,14.89 ,81.44 ,33.4,22.2,-888,0.58 ,10.12 ,62.53 ,-999,37.7,11.6,3.5,6.75 ,-888,0.35 ,0.47 ,4.95 ,2.34 ,8.44 ,15.56 ,23.78,20.64
89405,89440,89423,2550,1535,251,288.9,726.5,496,18.1,6.51,198.0,204.5,4264,673,-888,10.7,-888,228,67.1,45.2,2004,54.4,15.9,41.1,58.1,-999,8.4,26.9,-888,6.8,216.6,11.58 ,-999,5.62 ,13.40 ,30.26 ,28.7,14.6,-888,0.73 ,7.96 ,47.31 ,22.24 ,30.7,8.9,2.7,4.79 ,0.21 ,0.34 ,0.44 ,6.01 ,2.92 ,7.51 ,18.40 ,21.40,15.73
89525,89560,89543,3150,1641,288,387.7,1028.1,618,26.3,6.37,299.4,312.2,4814,936,2.6,21.4,1.6,239,66.8,57.6,2164,90.3,26.9,68.9,58.5,-999,15.4,44.8,-888,9.1,245.3,12.40 ,-999,6.07 ,15.45 ,46.08 ,36.9,23.8,-888,0.73 ,7.35 ,52.23 ,30.48 ,50.6,15.7,4.9,3.16 ,-888,0.45 ,0.57 ,6.83 ,2.35 ,8.38 ,21.78 ,39.17,33.43
89645,89680,89663,2937,1546,235,396.1,1021.5,540,24.6,6.19,298.8,323.1,4272,832,1.3,16.9,1.1,231,63.1,59.6,2055,94.9,27.9,73.6,57.8,-999,9.2,26.2,-888,6.8,221.3,12.19 ,-999,6.23 ,15.49 ,2.25 ,36.8,28.5,-888,0.71 ,8.55 ,46.63 ,27.63 ,44.2,12.1,3.6,3.10 ,-888,0.27 ,0.49 ,1.12 ,0.77 ,0.73 ,-888,34.26,17.25
89765,89800,89783,2709,1439,265,311.4,820.6,435,20.2,7.02,220.0,246.8,4068,557,-888,11.2,-888,237,65.9,39.7,1981,66.7,19.8,52.9,58.3,-999,7.1,26.7,-888,6.6,215.2,12.57 ,-999,6.36 ,13.10 ,12.72 ,30.7,19.5,-888,0.88 ,10.62 ,45.13 ,26.63 ,27.0,7.2,2.2,4.64 ,-888,0.37 ,0.49 ,1.24 ,0.91 ,2.43 ,2.65 ,19.65,13.86
89885,89920,89903,2999,1562,269,427.5,1059.4,538,27.2,6.23,309.7,323.8,4279,744,1.6,25.4,-888,237,66.4,56.5,2035,91.5,27.4,74.8,61.9,-999,14.6,44.5,-888,7.8,221.4,12.57 ,-999,4.84 ,14.68 ,14.96 ,38.7,27.4,-888,0.66 ,6.69 ,45.80 ,35.70 ,45.6,14.0,4.4,5.66 ,-888,0.27 ,0.51 ,2.36 ,1.16 ,2.80 ,2.30 ,41.65,21.86
90005,90040,90023,1330,1759,342,168.5,369.1,499,10.8,7.21,164.2,141.9,4157,984,1.4,19.5,-888,234,67.7,31.1,1974,52.2,16.6,38.1,63.8,-999,13.1,36.8,-888,5.7,159.3,13.53 ,-999,5.62 ,12.62 ,0.97 ,34.8,12.9,-888,0.72 ,9.38 ,30.39 ,-888,44.0,10.9,3.4,6.29 ,-888,0.26 ,0.55 ,0.84 ,-888,-888,-888,25.61,15.01
90125,90160,90143,1105,2137,390,153.1,333.4,772,10.4,5.79,286.9,198.1,4493,1389,5.4,18.7,-888,237,66.3,43.2,2217,83.4,29.5,50.6,72.9,-999,13.0,41.7,-888,9.0,186.5,14.99 ,-999,5.28 ,13.49 ,1.26 ,54.0,14.3,-888,0.76 ,8.30 ,31.58 ,28.58 ,102.7,32.8,9.0,11.39 ,0.31 ,-888,0.61 ,0.74 ,-888,-888,-888,79.42,28.30
90245,90280,90263,1179,2190,376,151.6,342.1,845,14.3,6.74,401.5,237.2,4381,1554,3.0,52.8,-888,240,68.1,52.6,2117,124.8,41.6,61.6,82.5,-999,23.2,59.9,-888,8.9,186.4,15.17 ,-999,5.07 ,12.92 ,6.13 ,65.0,27.2,-888,0.76 ,8.50 ,27.60 ,27.24 ,163.6,62.8,18.6,11.01 ,0.34 ,0.50 ,0.58 ,2.64 ,0.58 ,2.56 ,1.44 ,313.44,117.53
90365,90400,90383,975,2323,419,146.4,317.7,797,12.3,6.55,378.6,203.0,4593,1544,12.5,63.6,-888,245,65.2,62.6,2251,124.9,43.3,61.4,97.0,-999,29.6,81.2,-888,12.3,183.6,14.97 ,-999,5.76 ,13.06 ,8.07 ,71.3,21.9,-888,0.78 ,7.73 ,30.90 ,28.51 ,177.1,68.2,20.7,12.77 ,0.26 ,0.19 ,0.57 ,2.91 ,-888,2.13 ,-888,187.35,90.55
90485,90520,90503,1465,2801,444,205.4,451.4,1012,19.7,6.25,582.0,329.2,5535,2053,17.6,83.5,-888,272,65.6,78.4,2618,197.3,63.6,101.6,132.2,-999,29.9,75.9,-888,17.1,231.0,18.35 ,-999,6.51 ,15.31 ,10.75 ,98.9,44.2,-888,0.73 ,7.80 ,32.39 ,35.35 ,291.5,115.7,35.1,18.20 ,0.28 ,0.37 ,0.70 ,4.25 ,1.20 ,4.45 ,1.87 ,311.31,153.17
90605,90640,90623,1259,2474,421,184.5,398.8,1160,28.4,6.70,492.5,267.3,5629,1897,38.3,1018.8,-888,260,70.1,107.9,2523,172.1,52.0,83.4,111.5,-999,53.8,116.6,1.3,24.9,231.3,16.07 ,-999,5.18 ,13.08 ,8.58 ,96.0,40.7,-888,0.73 ,10.44 ,34.42 ,21.62 ,214.7,98.3,26.8,42.45 ,0.40 ,0.88 ,0.74 ,5.26 ,8.58 ,5.08 ,6.07 ,320.39,152.55
