FRAPPE-CAPSPMEX_C130_20140731_R0.ict
34, 1001
Bahreini, Roya
UC- Riverside
Cavity Attenuated Phase Shift Particle Extinction Monitor (CAPS-PMex 632nm) Instrument- C130 
FRAPPE
1, 1
2014, 07, 31, 2014, 12, 26
1
RafTimeWave,UTC
1
1
-9999
ext632nm,perMm
1
N/A
18
PI_CONTACT_INFO: Phone: 951-827-4506; Address: UC- Riverside, Dept. of Environmental Sciences, 900 University Ave., Riverside, CA 92521 
PLATFORM: NSF C-130 aircraft 
LOCATION: The aircraft was stationed in Jeffco, Broomfield, Co. Location data is in AircraftPos file.
ASSOCIATED_DATA: N/A
INSTRUMENT_INFO: Massoli, P.,et al. (2012), Aerosol Sci. Technol., 44, doi:10.1080/02786821003716599
DATA_INFO: Units: Realtime 1 Hz data; units: Mm^-1
UNCERTAINTY: 3%; Detection limit at 1 Hz: 3 Mm^-1 (data lower than detection limit are kept to avoid introducing a bias in the average)
ULOD_FLAG: -7777
ULOD_VALUE: N/A
LLOD_FLAG: -8888
LLOD_VALUE: N/A
DM_CONTACT_INFO: Contact PI (roya.bahreini@ucr.edu)
PROJECT_INFO: FRAPPE ; July 16- August 17, 2014
STIPULATIONS_ON_USE: Use of these data require prior ok from PI.
OTHER_COMMENTS: N/A
REVISION: R0
R0: Final Data; Data are reported at STP (1013 hPa and 273 K) whereas RA data were reported at detector conditions; Timestamp is based on RAF time feed and any delay due to residence time in the inlet (< 1 s) is not taken into account; data sampling in clouds have not been removed.
RafTimeWave, ext632nm
[from data line 21832]
88866.0, -9999.00
88867.0, -9999.00
88868.0, -9999.00
88869.0, -9999.00
88870.0, -9999.00
88871.0, -9999.00
88872.0, -9999.00
88873.0, -9999.00
88874.0, -9999.00
88875.0, -9999.00
88876.0, -9999.00
88877.0, -9999.00
88878.0, -9999.00
88879.0, -9999.00
88880.0, -9999.00
88881.0, -9999.00
88882.0, -9999.00
88883.0, -9999.00
88884.0, -9999.00
88885.0, -9999.00
88886.0, -9999.00
88887.0, -9999.00
88888.0, -9999.00
88889.0, -9999.00
88890.0, -9999.00
88891.0, -9999.00
88892.0, 7.81
88893.0, -9999.00
88894.0, 7.18
88895.0, 9.49
88896.0, 11.28
88897.0, 11.31
88898.0, 10.71
88899.0, 10.53
88900.0, 7.96
88901.0, 9.27
88902.0, 9.49
88903.0, 11.38
88904.0, 8.77
88905.0, 7.88
88906.0, 9.54
88907.0, 9.62
88908.0, 10.12
88909.0, 10.07
88910.0, 11.42
88911.0, 10.13
88912.0, 8.46
88913.0, 7.26
88914.0, 8.51
88915.0, 9.09
88916.0, 12.12
88917.0, 13.14
88918.0, 10.59
88919.0, 10.33
88920.0, 8.35
88921.0, 10.07
88922.0, 9.64
88923.0, 10.44
88924.0, 10.65
88925.0, 7.84
88926.0, 8.04
88927.0, 9.89
88928.0, 11.22
88929.0, 10.27
88930.0, 9.42
88931.0, 9.42
88932.0, 8.92
88933.0, 7.37
88934.0, 8.41
88935.0, 10.54
88936.0, 12.00
88937.0, 10.17
88938.0, 9.57
88939.0, 8.55
88940.0, 9.93
88941.0, 9.34
88942.0, 9.19
88943.0, 7.91
88944.0, 8.36
88945.0, 8.00
88946.0, 7.70
88947.0, 7.87
88948.0, 7.53
88949.0, 7.35
88950.0, 7.95
88951.0, 5.94
88952.0, 6.89
88953.0, 9.46
88954.0, 11.11
88955.0, 9.16
88956.0, 8.70
88957.0, 8.40
88958.0, 9.81
88959.0, 9.60
88960.0, 9.03
88961.0, 7.22
88962.0, 7.30
88963.0, 6.54
88964.0, 6.78
88965.0, 6.99
88966.0, 6.26
88967.0, 6.82
88968.0, 7.57
88969.0, 8.33
88970.0, 7.88
88971.0, 7.95
88972.0, 8.72
88973.0, 8.74
88974.0, 8.87
88975.0, 8.07
88976.0, 6.98
88977.0, 7.87
88978.0, 7.63
88979.0, 7.41
88980.0, 7.22
88981.0, 8.51
88982.0, 9.06
88983.0, 8.73
88984.0, 6.42
88985.0, 7.48
88986.0, 8.51
88987.0, 7.29
88988.0, 7.89
88989.0, 7.98
88990.0, 7.79
88991.0, 8.40
88992.0, 7.65
88993.0, 8.10
88994.0, 7.27
88995.0, 6.87
88996.0, 7.42
88997.0, 8.62
88998.0, 7.47
88999.0, 7.04
89000.0, 12.62
89001.0, 21.83
89002.0, 20.57
89003.0, 15.82
89004.0, 17.39
89005.0, 11.75
89006.0, 7.51
89007.0, 9.22
89008.0, 8.99
89009.0, 7.65
89010.0, 6.50
89011.0, 7.87
89012.0, 8.00
89013.0, 9.95
89014.0, 7.54
89015.0, 7.54
89016.0, 7.89
89017.0, 8.92
89018.0, 8.14
89019.0, 6.70
89020.0, 6.59
89021.0, 6.92
89022.0, 8.24
89023.0, 7.58
89024.0, 8.52
89025.0, 7.07
89026.0, 6.43
89027.0, 6.90
89028.0, 10.11
89029.0, 9.20
89030.0, 10.22
89031.0, 10.20
89032.0, 7.82
89033.0, 5.55
89034.0, 5.14
89035.0, 6.04
89036.0, 7.92
89037.0, 8.54
89038.0, 6.84
89039.0, 6.42
89040.0, 8.12
89041.0, 7.62
89042.0, 6.83
89043.0, 6.27
89044.0, 7.28
89045.0, 7.24
89046.0, 8.07
89047.0, 8.50
89048.0, 5.43
89049.0, 6.39
89050.0, 8.92
89051.0, 8.06
89052.0, 6.69
89053.0, 7.17
89054.0, 7.54
89055.0, 9.55
89056.0, 9.18
89057.0, 7.64
89058.0, 8.37
89059.0, 6.72
89060.0, 7.31
89061.0, 8.34
89062.0, 7.47
89063.0, 7.39
89064.0, 7.07
89065.0, 7.79
89066.0, 8.59
89067.0, 8.06
89068.0, 8.64
89069.0, 9.12
89070.0, 6.59
89071.0, 8.01
89072.0, 7.98
89073.0, 6.49
89074.0, 5.34
89075.0, 7.53
89076.0, 6.45
89077.0, 6.88
89078.0, 8.14
89079.0, 7.39
89080.0, 5.62
89081.0, 7.62
89082.0, 10.97
89083.0, 13.63
89084.0, 13.36
89085.0, 10.79
89086.0, 6.47
89087.0, 6.29
89088.0, 6.56
89089.0, 7.33
89090.0, 7.02
89091.0, 7.67
89092.0, 6.56
89093.0, 8.33
89094.0, 9.90
89095.0, 4.57
89096.0, 6.08
89097.0, 6.09
89098.0, 9.24
89099.0, 7.97
89100.0, 7.60
89101.0, 7.65
89102.0, -9999.00
89103.0, -9999.00
89104.0, -9999.00
89105.0, -9999.00
89106.0, -9999.00
89107.0, -9999.00
89108.0, -9999.00
89109.0, -9999.00
89110.0, -9999.00
89111.0, -9999.00
89112.0, -9999.00
89113.0, -9999.00
89114.0, -9999.00
89115.0, -9999.00
89116.0, -9999.00
89117.0, -9999.00
89118.0, -9999.00
89119.0, -9999.00
89120.0, -9999.00
89121.0, -9999.00
89122.0, -9999.00
89123.0, -9999.00
89124.0, -9999.00
89125.0, -9999.00
89126.0, -9999.00
89127.0, -9999.00
89128.0, -9999.00
89129.0, -9999.00
89130.0, -9999.00
89131.0, -9999.00
89132.0, -9999.00
89133.0, -9999.00
89134.0, -9999.00
89135.0, -9999.00
89136.0, -9999.00
89137.0, -9999.00
89138.0, -9999.00
89139.0, -9999.00
89140.0, -9999.00
89141.0, -9999.00
89142.0, -9999.00
89143.0, -9999.00
89144.0, -9999.00
89145.0, -9999.00
89146.0, -9999.00
89147.0, -9999.00
89148.0, -9999.00
89149.0, -9999.00
89150.0, -9999.00
89151.0, -9999.00
89152.0, -9999.00
89153.0, -9999.00
89154.0, -9999.00
89155.0, -9999.00
89156.0, -9999.00
89157.0, -9999.00
89158.0, -9999.00
89159.0, -9999.00
89160.0, -9999.00
89161.0, -9999.00
89162.0, -9999.00
89163.0, -9999.00
89164.0, -9999.00
89165.0, -9999.00
89166.0, -9999.00
89167.0, -9999.00
89168.0, -9999.00
89169.0, -9999.00
89170.0, -9999.00
89171.0, -9999.00
89172.0, -9999.00
89173.0, -9999.00
89174.0, -9999.00
89175.0, -9999.00
89176.0, -9999.00
89177.0, -9999.00
89178.0, -9999.00
89179.0, -9999.00
89180.0, -9999.00
89181.0, -9999.00
89182.0, -9999.00
89183.0, -9999.00
89184.0, -9999.00
89185.0, -9999.00
89186.0, -9999.00
89187.0, -9999.00
89188.0, -9999.00
89189.0, -9999.00
89190.0, -9999.00
89191.0, 12.69
89192.0, -9999.00
89193.0, 10.03
89194.0, 7.94
89195.0, 7.99
89196.0, 7.58
89197.0, 7.41
89198.0, 9.19
89199.0, 8.69
89200.0, 7.34
89201.0, 7.15
89202.0, 8.29
89203.0, 8.12
89204.0, 8.37
89205.0, 9.94
89206.0, 11.42
89207.0, 7.51
89208.0, 6.76
89209.0, 6.83
89210.0, 6.80
89211.0, 6.59
89212.0, 7.77
89213.0, 9.44
89214.0, 10.32
89215.0, 10.09
89216.0, 8.58
89217.0, 7.63
89218.0, 5.79
89219.0, 7.57
89220.0, 7.26
89221.0, 8.04
89222.0, 8.51
89223.0, 8.23
89224.0, 6.29
89225.0, 7.78
89226.0, 8.82
89227.0, 8.88
89228.0, 7.01
89229.0, 5.89
89230.0, 6.66
89231.0, 5.58
89232.0, 7.42
89233.0, 7.12
89234.0, 7.73
89235.0, 6.95
89236.0, 6.45
89237.0, 6.40
89238.0, 5.60
89239.0, 9.01
89240.0, 11.06
89241.0, 12.59
89242.0, 10.48
89243.0, 10.19
89244.0, 9.49
89245.0, 9.82
89246.0, 8.93
89247.0, 9.06
89248.0, 8.92
89249.0, 9.08
89250.0, 7.64
89251.0, 7.32
89252.0, 6.49
89253.0, 7.49
89254.0, 7.74
89255.0, 7.50
89256.0, 8.65
89257.0, 8.69
89258.0, 7.63
89259.0, 6.80
89260.0, 8.22
89261.0, 7.84
89262.0, 7.44
89263.0, 7.32
89264.0, 6.59
89265.0, 6.50
89266.0, 7.64
89267.0, 6.85
89268.0, 8.85
89269.0, 8.16
89270.0, 8.76
89271.0, 8.34
89272.0, 9.70
89273.0, 10.07
89274.0, 7.36
89275.0, 8.66
89276.0, 7.80
89277.0, 9.27
89278.0, 9.07
89279.0, 10.11
89280.0, 9.13
89281.0, 8.66
89282.0, 7.85
89283.0, 8.04
89284.0, 8.28
89285.0, 7.03
89286.0, 7.68
89287.0, 8.83
89288.0, 10.73
89289.0, 11.42
89290.0, 12.25
89291.0, 11.14
89292.0, 10.01
89293.0, 11.36
89294.0, 10.81
89295.0, 9.88
89296.0, 9.97
89297.0, 9.27
89298.0, 9.88
89299.0, 9.82
89300.0, 7.99
89301.0, 9.73
89302.0, 10.38
89303.0, 10.57
89304.0, 10.87
89305.0, 8.90
89306.0, 7.99
89307.0, 8.20
89308.0, 9.34
89309.0, 11.48
89310.0, 9.43
89311.0, 10.12
89312.0, 7.41
89313.0, 10.01
89314.0, 10.60
89315.0, 8.84
89316.0, 8.86
89317.0, 6.77
89318.0, 8.86
89319.0, 9.32
89320.0, 10.93
89321.0, 11.51
89322.0, 9.68
89323.0, 10.81
89324.0, 10.30
89325.0, 8.45
89326.0, 7.24
89327.0, 9.84
89328.0, 8.30
89329.0, 7.07
89330.0, 9.59
89331.0, 11.35
89332.0, 8.43
89333.0, 8.46
89334.0, 7.90
89335.0, 7.58
89336.0, 8.82
89337.0, 9.95
89338.0, 10.60
89339.0, 10.73
89340.0, 10.26
89341.0, 10.57
89342.0, 10.46
89343.0, 7.91
89344.0, 6.93
89345.0, 8.34
89346.0, 7.21
89347.0, 9.08
89348.0, 8.01
89349.0, 8.21
89350.0, 7.74
89351.0, 6.54
89352.0, 9.11
89353.0, 9.43
89354.0, 10.94
89355.0, 10.10
89356.0, 8.19
89357.0, 9.01
89358.0, 7.88
89359.0, 10.70
89360.0, 7.93
89361.0, 6.74
89362.0, 5.62
89363.0, 6.84
89364.0, 9.22
89365.0, 8.24
89366.0, 5.28
89367.0, 6.54
89368.0, 7.37
89369.0, 7.38
89370.0, 5.70
89371.0, 6.29
89372.0, 5.69
89373.0, 6.97
89374.0, 7.16
89375.0, 6.64
89376.0, 6.68
89377.0, 8.16
89378.0, 8.46
89379.0, 7.22
89380.0, 7.68
89381.0, 7.61
89382.0, 11.75
89383.0, 10.75
89384.0, 8.51
89385.0, 9.64
89386.0, 9.13
89387.0, 10.56
89388.0, 10.00
89389.0, 9.93
89390.0, 9.64
89391.0, 19.58
89392.0, 17.14
89393.0, 9.90
89394.0, 9.17
89395.0, 8.85
89396.0, 6.84
89397.0, 8.16
89398.0, 10.23
89399.0, 9.80
89400.0, 10.52
89401.0, 9.80
89402.0, -9999.00
89403.0, -9999.00
89404.0, -9999.00
89405.0, -9999.00
89406.0, -9999.00
89407.0, -9999.00
89408.0, -9999.00
89409.0, -9999.00
89410.0, -9999.00
89411.0, -9999.00
89412.0, -9999.00
89413.0, -9999.00
89414.0, -9999.00
89415.0, -9999.00
89416.0, -9999.00
89417.0, -9999.00
89418.0, -9999.00
89419.0, -9999.00
89420.0, -9999.00
89421.0, -9999.00
89422.0, -9999.00
89423.0, -9999.00
89424.0, -9999.00
89425.0, -9999.00
89426.0, -9999.00
89427.0, -9999.00
89428.0, -9999.00
89429.0, -9999.00
89430.0, -9999.00
89431.0, -9999.00
89432.0, -9999.00
89433.0, -9999.00
89434.0, -9999.00
89435.0, -9999.00
89436.0, -9999.00
89437.0, -9999.00
89438.0, -9999.00
89439.0, -9999.00
89440.0, -9999.00
89441.0, -9999.00
89442.0, -9999.00
89443.0, -9999.00
89444.0, -9999.00
89445.0, -9999.00
89446.0, -9999.00
89447.0, -9999.00
89448.0, -9999.00
89449.0, -9999.00
89450.0, -9999.00
89451.0, -9999.00
89452.0, -9999.00
89453.0, -9999.00
89454.0, -9999.00
89455.0, -9999.00
89456.0, -9999.00
89457.0, -9999.00
89458.0, -9999.00
89459.0, -9999.00
89460.0, -9999.00
89461.0, -9999.00
89462.0, -9999.00
89463.0, -9999.00
89464.0, -9999.00
89465.0, -9999.00
89466.0, -9999.00
89467.0, -9999.00
89468.0, -9999.00
89469.0, -9999.00
89470.0, -9999.00
89471.0, -9999.00
89472.0, -9999.00
89473.0, -9999.00
89474.0, -9999.00
89475.0, -9999.00
89476.0, -9999.00
89477.0, -9999.00
89478.0, -9999.00
89479.0, -9999.00
89480.0, -9999.00
89481.0, -9999.00
89482.0, -9999.00
89483.0, -9999.00
89484.0, -9999.00
89485.0, -9999.00
89486.0, -9999.00
89487.0, -9999.00
89488.0, -9999.00
89489.0, -9999.00
89490.0, -9999.00
89491.0, 11.02
89492.0, -9999.00
89493.0, 9.22
89494.0, 10.11
89495.0, 9.25
89496.0, 8.18
89497.0, 8.93
89498.0, 9.23
89499.0, 10.42
89500.0, 13.36
89501.0, 11.12
89502.0, 9.39
89503.0, 8.76
89504.0, 9.92
89505.0, 12.78
89506.0, 11.82
89507.0, 11.11
89508.0, 10.45
89509.0, 7.50
89510.0, 7.75
89511.0, 7.68
89512.0, 8.39
89513.0, 8.90
89514.0, 9.68
89515.0, 9.77
89516.0, 10.73
89517.0, 10.44
89518.0, 12.04
89519.0, 12.35
89520.0, 12.96
89521.0, 11.41
89522.0, 9.39
89523.0, 9.87
89524.0, 11.50
89525.0, 11.12
89526.0, 8.97
89527.0, 9.86
89528.0, 8.09
89529.0, 8.09
89530.0, 9.10
89531.0, 8.36
89532.0, 8.18
89533.0, 8.32
89534.0, 8.45
89535.0, 10.69
89536.0, 10.42
89537.0, 11.88
89538.0, 9.72
89539.0, 9.85
89540.0, 7.90
89541.0, 6.70
89542.0, 7.53
89543.0, 9.21
89544.0, 8.02
89545.0, 10.96
89546.0, 8.82
89547.0, 7.43
89548.0, 7.51
89549.0, 8.31
89550.0, 10.00
89551.0, 9.70
89552.0, 7.39
89553.0, 6.97
89554.0, 8.38
89555.0, 7.25
89556.0, 8.20
89557.0, 8.25
89558.0, 8.52
89559.0, 10.39
89560.0, 14.18
89561.0, 15.84
89562.0, 13.25
89563.0, 9.29
89564.0, 7.62
89565.0, 8.97
89566.0, 8.42
89567.0, 9.15
89568.0, 10.74
89569.0, 10.05
89570.0, 7.87
89571.0, 8.00
89572.0, 8.60
89573.0, 8.72
89574.0, 7.05
89575.0, 7.24
89576.0, 7.41
89577.0, 8.69
89578.0, 7.72
89579.0, 9.25
89580.0, 10.65
89581.0, 10.58
89582.0, 9.08
89583.0, 8.15
89584.0, 9.15
89585.0, 9.85
89586.0, 9.57
89587.0, 7.75
89588.0, 7.63
89589.0, 6.07
89590.0, 8.84
89591.0, 8.26
89592.0, 8.68
89593.0, 8.26
89594.0, 9.93
89595.0, 8.83
89596.0, 6.73
89597.0, 6.40
89598.0, 7.85
89599.0, 8.85
89600.0, 9.47
89601.0, 9.55
89602.0, 10.08
89603.0, 8.65
89604.0, 10.17
89605.0, 10.05
89606.0, 8.68
89607.0, 8.80
89608.0, 8.95
89609.0, 8.86
89610.0, 7.67
89611.0, 7.13
89612.0, 8.30
89613.0, 8.25
89614.0, 8.60
89615.0, 8.46
89616.0, 8.85
89617.0, 8.54
89618.0, 7.71
89619.0, 7.34
89620.0, 8.11
89621.0, 7.97
89622.0, 7.80
89623.0, 7.27
89624.0, 8.02
89625.0, 8.83
89626.0, 7.71
89627.0, 8.54
89628.0, 9.49
89629.0, 9.91
89630.0, 8.47
89631.0, 8.32
89632.0, 8.27
89633.0, 7.91
89634.0, 7.07
89635.0, 6.77
89636.0, 7.61
89637.0, 6.93
89638.0, 6.32
89639.0, 7.91
89640.0, 9.45
89641.0, 9.59
89642.0, 7.71
89643.0, 8.52
89644.0, 9.25
89645.0, 7.62
89646.0, 6.77
89647.0, 8.89
89648.0, 8.01
89649.0, 7.50
89650.0, 8.10
89651.0, 8.77
89652.0, 8.41
89653.0, 11.25
89654.0, 10.66
89655.0, 9.48
89656.0, 7.72
89657.0, 7.31
89658.0, 9.77
89659.0, 9.09
89660.0, 7.72
89661.0, 7.30
89662.0, 8.68
89663.0, 8.48
89664.0, 9.46
89665.0, 10.62
89666.0, 8.32
89667.0, 7.13
89668.0, 7.86
89669.0, 8.74
89670.0, 7.21
89671.0, 8.18
89672.0, 8.97
89673.0, 9.34
89674.0, 8.94
89675.0, 10.41
89676.0, 9.89
89677.0, 10.22
89678.0, 9.84
89679.0, 7.63
89680.0, 6.48
89681.0, 7.52
89682.0, 8.54
89683.0, 8.72
89684.0, 8.62
89685.0, 9.43
89686.0, 9.75
89687.0, 8.61
89688.0, 8.73
89689.0, 8.77
89690.0, 9.45
89691.0, 7.62
89692.0, 6.98
89693.0, 6.75
89694.0, 7.24
89695.0, 6.11
89696.0, 6.61
89697.0, 6.00
89698.0, 6.72
89699.0, 6.83
89700.0, 7.00
89701.0, 7.11
89702.0, -9999.00
89703.0, -9999.00
89704.0, -9999.00
89705.0, -9999.00
89706.0, -9999.00
89707.0, -9999.00
89708.0, -9999.00
89709.0, -9999.00
89710.0, -9999.00
89711.0, -9999.00
89712.0, -9999.00
89713.0, -9999.00
89714.0, -9999.00
89715.0, -9999.00
89716.0, -9999.00
89717.0, -9999.00
89718.0, -9999.00
89719.0, -9999.00
89720.0, -9999.00
89721.0, -9999.00
89722.0, -9999.00
89723.0, -9999.00
89724.0, -9999.00
89725.0, -9999.00
89726.0, -9999.00
89727.0, -9999.00
89728.0, -9999.00
89729.0, -9999.00
89730.0, -9999.00
89731.0, -9999.00
89732.0, -9999.00
89733.0, -9999.00
89734.0, -9999.00
89735.0, -9999.00
89736.0, -9999.00
89737.0, -9999.00
89738.0, -9999.00
89739.0, -9999.00
89740.0, -9999.00
89741.0, -9999.00
89742.0, -9999.00
89743.0, -9999.00
89744.0, -9999.00
89745.0, -9999.00
89746.0, -9999.00
89747.0, -9999.00
89748.0, -9999.00
89749.0, -9999.00
89750.0, -9999.00
89751.0, -9999.00
89752.0, -9999.00
89753.0, -9999.00
89754.0, -9999.00
89755.0, -9999.00
89756.0, -9999.00
89757.0, -9999.00
89758.0, -9999.00
89759.0, -9999.00
89760.0, -9999.00
89761.0, -9999.00
89762.0, -9999.00
89763.0, -9999.00
89764.0, -9999.00
89765.0, -9999.00
89766.0, -9999.00
89767.0, -9999.00
89768.0, -9999.00
89769.0, -9999.00
89770.0, -9999.00
89771.0, -9999.00
89772.0, -9999.00
89773.0, -9999.00
89774.0, -9999.00
89775.0, -9999.00
89776.0, -9999.00
89777.0, -9999.00
89778.0, -9999.00
89779.0, -9999.00
89780.0, -9999.00
89781.0, -9999.00
89782.0, -9999.00
89783.0, -9999.00
89784.0, -9999.00
89785.0, -9999.00
89786.0, -9999.00
89787.0, -9999.00
89788.0, -9999.00
89789.0, -9999.00
89790.0, -9999.00
89791.0, 5.09
89792.0, -9999.00
89793.0, 8.27
89794.0, 7.06
89795.0, 7.67
89796.0, 10.79
89797.0, 12.42
89798.0, 10.33
89799.0, 9.72
89800.0, 9.67
89801.0, 9.72
89802.0, 10.14
89803.0, 7.92
89804.0, 7.06
89805.0, 6.72
89806.0, 6.78
89807.0, 7.82
89808.0, 7.29
89809.0, 5.96
89810.0, 7.84
89811.0, 8.85
89812.0, 5.44
89813.0, 8.34
89814.0, 9.09
89815.0, 9.89
89816.0, 9.34
89817.0, 6.53
89818.0, 7.23
89819.0, 9.48
89820.0, 11.20
89821.0, 11.49
89822.0, 10.79
89823.0, 10.84
89824.0, 10.02
89825.0, 10.23
89826.0, 12.10
89827.0, 9.99
89828.0, 10.87
89829.0, 10.47
89830.0, 9.69
89831.0, 10.43
89832.0, 10.68
89833.0, 10.18
89834.0, 12.30
89835.0, 11.85
89836.0, 11.35
89837.0, 11.79
89838.0, 12.30
89839.0, 11.31
89840.0, 9.65
89841.0, 10.27
89842.0, 10.14
89843.0, 10.98
89844.0, 8.27
89845.0, 9.11
89846.0, 8.67
89847.0, 10.11
89848.0, 11.33
89849.0, 10.20
89850.0, 9.91
89851.0, 11.81
89852.0, 13.28
89853.0, 11.94
89854.0, 9.82
89855.0, 8.69
89856.0, 9.45
89857.0, 9.16
89858.0, 10.59
89859.0, 8.56
89860.0, 8.36
89861.0, 8.84
89862.0, 9.03
89863.0, 7.16
89864.0, 6.18
89865.0, 7.55
89866.0, 8.55
89867.0, 7.64
89868.0, 7.36
89869.0, 6.90
89870.0, 7.91
89871.0, 4.79
89872.0, 5.97
89873.0, 6.39
89874.0, 7.32
89875.0, 6.94
89876.0, 7.26
89877.0, 6.34
89878.0, 6.56
89879.0, 6.69
89880.0, 5.98
89881.0, 7.09
89882.0, 6.34
89883.0, 7.19
89884.0, 6.27
89885.0, 6.33
89886.0, 8.66
89887.0, 8.80
89888.0, 6.95
89889.0, 6.14
89890.0, 5.41
89891.0, 6.71
89892.0, 8.26
89893.0, 10.41
89894.0, 8.60
89895.0, 7.72
89896.0, 7.68
89897.0, 9.16
89898.0, 8.33
89899.0, 8.20
89900.0, 6.96
89901.0, 10.46
89902.0, 11.81
89903.0, 10.55
89904.0, 9.15
89905.0, 8.43
89906.0, 6.55
89907.0, 7.33
89908.0, 8.96
89909.0, 9.34
89910.0, 7.96
89911.0, 6.93
