FRAPPE-NH3_C130_20140731_R0.ict
36, 1001
Scott Herndon (herndon@aerodyne.com), Rob Roscioli (roscioli@aerodyne.com), John Nowak (jnowak@aerodyn.com)
Aerodyne Research, Inc.
Aerodyne Dual NH3/HNO3 QCL Instrument
FRAPPE
1, 1
2014, 07, 31, 2014, 12, 18
0
NH3_Starttime, seconds_past_midnight
3
1, 1, 1
-9999, -9999, -9999
NH3_Stoptime, seconds_past_midnight
NH3_Midtime, seconds_past_midnight
NH3_ppbv, ppbv
1
Inlet developed a leak in-flight little data salvagable after 2100
18
PI_CONTACT_INFO: 45 Manning Road, Billerica, MA 01821
PLATFORM: NSF/NCAR C130 Aircraft
LOCATION: Latitude, Longitude, and Altitude of the C-130 can be obtained from other files
ASSOCIATED_DATA: Calibration source measured by UV optical absorption periodically throughout project as in Neuman, J.A. et al., Calibration and Evaluation of Nitric Acid and Ammonia Permeation Tubes by UV Optical Absorption, Environ. Sci. Technol.; 37(13); 2975-2981 doi
INSTRUMENT_INFO: Herndon, S.C., et al., Charcterization of urban pollutant emission fluxes and ambient concentration distributions using a mobile laboratory with rapid response instrumentation, Faraday Discuss. 2005, 130, 327-329. Jimenez, R., et al,. In Atmospheric trace gas measurements using a dual quantum-cascade laser mid-infrared absorption spectrometer, Proc. of SPIE, 2005; Mermelstein, C.; Bour, D., Eds. 2005. McManus, J.B., et al., Application of quantum cascade lasers to high-precision atmospheric trace gas measurements., Opt. Eng., 2010, 39, (11), 111124-111124-11.
DATA_INFO: Units: ppbv
UNCERTAINTY: +/- (22% + 0.84 ppbv) + 0.170 ppbv
ULOD_FLAG: -7777
ULOD_VALUE: N/A
LLOD_FLAG: -8888
LLOD_VALUE: N/A
DM_CONTACT_INFO: Data Manager: Rob Roscioli (roscioli@aerodyne.com), John Nowak (jnowak@aerodyne.com)
PROJECT_INFO: Project Info: 
STIPULATIONS_ON_USE: Use of these data require prior ok from PI.
OTHER_COMMENTS: 1. The 1/e signal decay time after a standard addition calibration of ~25 ppbv is between 1 to 2 seconds depending on flight.  All data submitted at 1 s with this caveat. 2. Accuracy is the combined uncertainty for the in-flight calibrations, the RMS average difference between consecutive instrumental background measurements, and the instrument precision (which is the noise on the individual instrumental background measurements). For the example +/-(22% +0.305 ppbv) +0.058 ppbv, 22% is the calibration uncertainty, 0.305 ppbv is the RMS difference between consectuvie background measurements, and 0.058 ppbv is the instrument precision.
REVISION: R0
R0: Final Data
NH3_Starttime, NH3_Stoptime, NH3_Midtime, NH3_ppbv
[from data line 11902]
83596.500,83597.499,83597.000,-9999.000
83597.500,83598.499,83598.000,-9999.000
83598.500,83599.499,83599.000,-9999.000
83599.500,83600.499,83600.000,-9999.000
83600.500,83601.499,83601.000,-9999.000
83601.500,83602.499,83602.000,-9999.000
83602.500,83603.499,83603.000,-9999.000
83603.500,83604.499,83604.000,-9999.000
83604.500,83605.499,83605.000,-9999.000
83605.500,83606.499,83606.000,-9999.000
83606.500,83607.499,83607.000,-9999.000
83607.500,83608.499,83608.000,-9999.000
83608.500,83609.499,83609.000,-9999.000
83609.500,83610.499,83610.000,-9999.000
83610.500,83611.499,83611.000,-9999.000
83611.500,83612.499,83612.000,-9999.000
83612.500,83613.499,83613.000,-9999.000
83613.500,83614.499,83614.000,-9999.000
83614.500,83615.499,83615.000,-9999.000
83615.500,83616.499,83616.000,-9999.000
83616.500,83617.499,83617.000,-9999.000
83617.500,83618.499,83618.000,-9999.000
83618.500,83619.499,83619.000,-9999.000
83619.500,83620.499,83620.000,-9999.000
83620.500,83621.499,83621.000,-9999.000
83621.500,83622.499,83622.000,-9999.000
83622.500,83623.499,83623.000,-9999.000
83623.500,83624.499,83624.000,-9999.000
83624.500,83625.499,83625.000,-9999.000
83625.500,83626.499,83626.000,-9999.000
83626.500,83627.499,83627.000,-9999.000
83627.500,83628.499,83628.000,-9999.000
83628.500,83629.499,83629.000,-9999.000
83629.500,83630.499,83630.000,-9999.000
83630.500,83631.499,83631.000,-9999.000
83631.500,83632.499,83632.000,-9999.000
83632.500,83633.499,83633.000,-9999.000
83633.500,83634.499,83634.000,-9999.000
83634.500,83635.499,83635.000,-9999.000
83635.500,83636.499,83636.000,-9999.000
83636.500,83637.499,83637.000,-9999.000
83637.500,83638.499,83638.000,-9999.000
83638.500,83639.499,83639.000,-9999.000
83639.500,83640.499,83640.000,-9999.000
83640.500,83641.499,83641.000,-9999.000
83641.500,83642.499,83642.000,-9999.000
83642.500,83643.499,83643.000,-9999.000
83643.500,83644.499,83644.000,-9999.000
83644.500,83645.499,83645.000,-9999.000
83645.500,83646.499,83646.000,-9999.000
83646.500,83647.499,83647.000,-9999.000
83647.500,83648.499,83648.000,-9999.000
83648.500,83649.499,83649.000,-9999.000
83649.500,83650.499,83650.000,-9999.000
83650.500,83651.499,83651.000,-9999.000
83651.500,83652.499,83652.000,-9999.000
83652.500,83653.499,83653.000,-9999.000
83653.500,83654.499,83654.000,-9999.000
83654.500,83655.499,83655.000,-9999.000
83655.500,83656.499,83656.000,-9999.000
83656.500,83657.499,83657.000,-9999.000
83657.500,83658.499,83658.000,-9999.000
83658.500,83659.499,83659.000,-9999.000
83659.500,83660.499,83660.000,-9999.000
83660.500,83661.499,83661.000,-9999.000
83661.500,83662.499,83662.000,-9999.000
83662.500,83663.499,83663.000,-9999.000
83663.500,83664.499,83664.000,-9999.000
83664.500,83665.499,83665.000,-9999.000
83665.500,83666.499,83666.000,-9999.000
83666.500,83667.499,83667.000,-9999.000
83667.500,83668.499,83668.000,-9999.000
83668.500,83669.499,83669.000,-9999.000
83669.500,83670.499,83670.000,-9999.000
83670.500,83671.499,83671.000,-9999.000
83671.500,83672.499,83672.000,-9999.000
83672.500,83673.499,83673.000,-9999.000
83673.500,83674.499,83674.000,-9999.000
83674.500,83675.499,83675.000,-9999.000
83675.500,83676.499,83676.000,-9999.000
83676.500,83677.499,83677.000,-9999.000
83677.500,83678.499,83678.000,-9999.000
83678.500,83679.499,83679.000,-9999.000
83679.500,83680.499,83680.000,-9999.000
83680.500,83681.499,83681.000,-9999.000
83681.500,83682.499,83682.000,-9999.000
83682.500,83683.499,83683.000,-9999.000
83683.500,83684.499,83684.000,-9999.000
83684.500,83685.499,83685.000,-9999.000
83685.500,83686.499,83686.000,-9999.000
83686.500,83687.499,83687.000,-9999.000
83687.500,83688.499,83688.000,-9999.000
83688.500,83689.499,83689.000,-9999.000
83689.500,83690.499,83690.000,-9999.000
83690.500,83691.499,83691.000,-9999.000
83691.500,83692.499,83692.000,-9999.000
83692.500,83693.499,83693.000,-9999.000
83693.500,83694.499,83694.000,-9999.000
83694.500,83695.499,83695.000,-9999.000
83695.500,83696.499,83696.000,-9999.000
83696.500,83697.499,83697.000,-9999.000
83697.500,83698.499,83698.000,-9999.000
83698.500,83699.499,83699.000,-9999.000
83699.500,83700.499,83700.000,-9999.000
83700.500,83701.499,83701.000,-9999.000
83701.500,83702.499,83702.000,-9999.000
83702.500,83703.499,83703.000,-9999.000
83703.500,83704.499,83704.000,-9999.000
83704.500,83705.499,83705.000,-9999.000
83705.500,83706.499,83706.000,-9999.000
83706.500,83707.499,83707.000,-9999.000
83707.500,83708.499,83708.000,-9999.000
83708.500,83709.499,83709.000,-9999.000
83709.500,83710.499,83710.000,-9999.000
83710.500,83711.499,83711.000,-9999.000
83711.500,83712.499,83712.000,-9999.000
83712.500,83713.499,83713.000,-9999.000
83713.500,83714.499,83714.000,-9999.000
83714.500,83715.499,83715.000,-9999.000
83715.500,83716.499,83716.000,-9999.000
83716.500,83717.499,83717.000,-9999.000
83717.500,83718.499,83718.000,-9999.000
83718.500,83719.499,83719.000,-9999.000
83719.500,83720.499,83720.000,-9999.000
83720.500,83721.499,83721.000,-9999.000
83721.500,83722.499,83722.000,-9999.000
83722.500,83723.499,83723.000,-9999.000
83723.500,83724.499,83724.000,-9999.000
83724.500,83725.499,83725.000,-9999.000
83725.500,83726.499,83726.000,-9999.000
83726.500,83727.499,83727.000,-9999.000
83727.500,83728.499,83728.000,-9999.000
83728.500,83729.499,83729.000,-9999.000
83729.500,83730.499,83730.000,-9999.000
83730.500,83731.499,83731.000,-9999.000
83731.500,83732.499,83732.000,-9999.000
83732.500,83733.499,83733.000,-9999.000
83733.500,83734.499,83734.000,-9999.000
83734.500,83735.499,83735.000,-9999.000
83735.500,83736.499,83736.000,-9999.000
83736.500,83737.499,83737.000,-9999.000
83737.500,83738.499,83738.000,-9999.000
83738.500,83739.499,83739.000,-9999.000
83739.500,83740.499,83740.000,-9999.000
83740.500,83741.499,83741.000,-9999.000
83741.500,83742.499,83742.000,-9999.000
83742.500,83743.499,83743.000,-9999.000
83743.500,83744.499,83744.000,-9999.000
83744.500,83745.499,83745.000,-9999.000
83745.500,83746.499,83746.000,-9999.000
83746.500,83747.499,83747.000,-9999.000
83747.500,83748.499,83748.000,-9999.000
83748.500,83749.499,83749.000,-9999.000
83749.500,83750.499,83750.000,-9999.000
83750.500,83751.499,83751.000,-9999.000
83751.500,83752.499,83752.000,-9999.000
83752.500,83753.499,83753.000,-9999.000
83753.500,83754.499,83754.000,-9999.000
83754.500,83755.499,83755.000,-9999.000
83755.500,83756.499,83756.000,-9999.000
83756.500,83757.499,83757.000,-9999.000
83757.500,83758.499,83758.000,-9999.000
83758.500,83759.499,83759.000,-9999.000
83759.500,83760.499,83760.000,-9999.000
83760.500,83761.499,83761.000,-9999.000
83761.500,83762.499,83762.000,-9999.000
83762.500,83763.499,83763.000,-9999.000
83763.500,83764.499,83764.000,-9999.000
83764.500,83765.499,83765.000,-9999.000
83765.500,83766.499,83766.000,-9999.000
83766.500,83767.499,83767.000,-9999.000
83767.500,83768.499,83768.000,-9999.000
83768.500,83769.499,83769.000,-9999.000
83769.500,83770.499,83770.000,-9999.000
83770.500,83771.499,83771.000,-9999.000
83771.500,83772.499,83772.000,-9999.000
83772.500,83773.499,83773.000,-9999.000
83773.500,83774.499,83774.000,-9999.000
83774.500,83775.499,83775.000,-9999.000
83775.500,83776.499,83776.000,-9999.000
83776.500,83777.499,83777.000,-9999.000
83777.500,83778.499,83778.000,-9999.000
83778.500,83779.499,83779.000,-9999.000
83779.500,83780.499,83780.000,-9999.000
83780.500,83781.499,83781.000,-9999.000
83781.500,83782.499,83782.000,-9999.000
83782.500,83783.499,83783.000,-9999.000
83783.500,83784.499,83784.000,-9999.000
83784.500,83785.499,83785.000,-9999.000
83785.500,83786.499,83786.000,-9999.000
83786.500,83787.499,83787.000,-9999.000
83787.500,83788.499,83788.000,-9999.000
83788.500,83789.499,83789.000,-9999.000
83789.500,83790.499,83790.000,-9999.000
83790.500,83791.499,83791.000,-9999.000
83791.500,83792.499,83792.000,-9999.000
83792.500,83793.499,83793.000,-9999.000
83793.500,83794.499,83794.000,-9999.000
83794.500,83795.499,83795.000,-9999.000
83795.500,83796.499,83796.000,-9999.000
83796.500,83797.499,83797.000,-9999.000
83797.500,83798.499,83798.000,-9999.000
83798.500,83799.499,83799.000,-9999.000
83799.500,83800.499,83800.000,-9999.000
83800.500,83801.499,83801.000,-9999.000
83801.500,83802.499,83802.000,-9999.000
83802.500,83803.499,83803.000,-9999.000
83803.500,83804.499,83804.000,-9999.000
83804.500,83805.499,83805.000,-9999.000
83805.500,83806.499,83806.000,-9999.000
83806.500,83807.499,83807.000,-9999.000
83807.500,83808.499,83808.000,-9999.000
83808.500,83809.499,83809.000,-9999.000
83809.500,83810.499,83810.000,-9999.000
83810.500,83811.499,83811.000,-9999.000
83811.500,83812.499,83812.000,-9999.000
83812.500,83813.499,83813.000,-9999.000
83813.500,83814.499,83814.000,-9999.000
83814.500,83815.499,83815.000,-9999.000
83815.500,83816.499,83816.000,-9999.000
83816.500,83817.499,83817.000,-9999.000
83817.500,83818.499,83818.000,-9999.000
83818.500,83819.499,83819.000,-9999.000
83819.500,83820.499,83820.000,-9999.000
83820.500,83821.499,83821.000,-9999.000
83821.500,83822.499,83822.000,-9999.000
83822.500,83823.499,83823.000,-9999.000
83823.500,83824.499,83824.000,-9999.000
83824.500,83825.499,83825.000,-9999.000
83825.500,83826.499,83826.000,-9999.000
83826.500,83827.499,83827.000,-9999.000
83827.500,83828.499,83828.000,-9999.000
83828.500,83829.499,83829.000,-9999.000
83829.500,83830.499,83830.000,-9999.000
83830.500,83831.499,83831.000,-9999.000
83831.500,83832.499,83832.000,-9999.000
83832.500,83833.499,83833.000,-9999.000
83833.500,83834.499,83834.000,-9999.000
83834.500,83835.499,83835.000,-9999.000
83835.500,83836.499,83836.000,-9999.000
83836.500,83837.499,83837.000,-9999.000
83837.500,83838.499,83838.000,-9999.000
83838.500,83839.499,83839.000,-9999.000
83839.500,83840.499,83840.000,-9999.000
83840.500,83841.499,83841.000,-9999.000
83841.500,83842.499,83842.000,-9999.000
83842.500,83843.499,83843.000,-9999.000
83843.500,83844.499,83844.000,-9999.000
83844.500,83845.499,83845.000,-9999.000
83845.500,83846.499,83846.000,-9999.000
83846.500,83847.499,83847.000,-9999.000
83847.500,83848.499,83848.000,-9999.000
83848.500,83849.499,83849.000,-9999.000
83849.500,83850.499,83850.000,-9999.000
83850.500,83851.499,83851.000,-9999.000
83851.500,83852.499,83852.000,-9999.000
83852.500,83853.499,83853.000,-9999.000
83853.500,83854.499,83854.000,-9999.000
83854.500,83855.499,83855.000,-9999.000
83855.500,83856.499,83856.000,-9999.000
83856.500,83857.499,83857.000,-9999.000
83857.500,83858.499,83858.000,-9999.000
83858.500,83859.499,83859.000,-9999.000
83859.500,83860.499,83860.000,-9999.000
83860.500,83861.499,83861.000,-9999.000
83861.500,83862.499,83862.000,-9999.000
83862.500,83863.499,83863.000,-9999.000
83863.500,83864.499,83864.000,-9999.000
83864.500,83865.499,83865.000,-9999.000
83865.500,83866.499,83866.000,-9999.000
83866.500,83867.499,83867.000,-9999.000
83867.500,83868.499,83868.000,-9999.000
83868.500,83869.499,83869.000,-9999.000
83869.500,83870.499,83870.000,-9999.000
83870.500,83871.499,83871.000,-9999.000
83871.500,83872.499,83872.000,-9999.000
83872.500,83873.499,83873.000,-9999.000
83873.500,83874.499,83874.000,-9999.000
83874.500,83875.499,83875.000,-9999.000
83875.500,83876.499,83876.000,-9999.000
83876.500,83877.499,83877.000,-9999.000
83877.500,83878.499,83878.000,-9999.000
83878.500,83879.499,83879.000,-9999.000
83879.500,83880.499,83880.000,-9999.000
83880.500,83881.499,83881.000,-9999.000
83881.500,83882.499,83882.000,-9999.000
83882.500,83883.499,83883.000,-9999.000
83883.500,83884.499,83884.000,-9999.000
83884.500,83885.499,83885.000,-9999.000
83885.500,83886.499,83886.000,-9999.000
83886.500,83887.499,83887.000,-9999.000
83887.500,83888.499,83888.000,-9999.000
83888.500,83889.499,83889.000,-9999.000
83889.500,83890.499,83890.000,-9999.000
83890.500,83891.499,83891.000,-9999.000
83891.500,83892.499,83892.000,-9999.000
83892.500,83893.499,83893.000,-9999.000
83893.500,83894.499,83894.000,-9999.000
83894.500,83895.499,83895.000,-9999.000
83895.500,83896.499,83896.000,-9999.000
83896.500,83897.499,83897.000,-9999.000
83897.500,83898.499,83898.000,-9999.000
83898.500,83899.499,83899.000,-9999.000
83899.500,83900.499,83900.000,-9999.000
83900.500,83901.499,83901.000,-9999.000
83901.500,83902.499,83902.000,-9999.000
83902.500,83903.499,83903.000,-9999.000
83903.500,83904.499,83904.000,-9999.000
83904.500,83905.499,83905.000,-9999.000
83905.500,83906.499,83906.000,-9999.000
83906.500,83907.499,83907.000,-9999.000
83907.500,83908.499,83908.000,-9999.000
83908.500,83909.499,83909.000,-9999.000
83909.500,83910.499,83910.000,-9999.000
83910.500,83911.499,83911.000,-9999.000
83911.500,83912.499,83912.000,-9999.000
83912.500,83913.499,83913.000,-9999.000
83913.500,83914.499,83914.000,-9999.000
83914.500,83915.499,83915.000,-9999.000
83915.500,83916.499,83916.000,-9999.000
83916.500,83917.499,83917.000,-9999.000
83917.500,83918.499,83918.000,-9999.000
83918.500,83919.499,83919.000,-9999.000
83919.500,83920.499,83920.000,-9999.000
83920.500,83921.499,83921.000,-9999.000
83921.500,83922.499,83922.000,-9999.000
83922.500,83923.499,83923.000,-9999.000
83923.500,83924.499,83924.000,-9999.000
83924.500,83925.499,83925.000,-9999.000
83925.500,83926.499,83926.000,-9999.000
83926.500,83927.499,83927.000,-9999.000
83927.500,83928.499,83928.000,-9999.000
83928.500,83929.499,83929.000,-9999.000
83929.500,83930.499,83930.000,-9999.000
83930.500,83931.499,83931.000,-9999.000
83931.500,83932.499,83932.000,-9999.000
83932.500,83933.499,83933.000,-9999.000
83933.500,83934.499,83934.000,-9999.000
83934.500,83935.499,83935.000,-9999.000
83935.500,83936.499,83936.000,-9999.000
83936.500,83937.499,83937.000,-9999.000
83937.500,83938.499,83938.000,-9999.000
83938.500,83939.499,83939.000,-9999.000
83939.500,83940.499,83940.000,-9999.000
83940.500,83941.499,83941.000,-9999.000
83941.500,83942.499,83942.000,-9999.000
83942.500,83943.499,83943.000,-9999.000
83943.500,83944.499,83944.000,-9999.000
83944.500,83945.499,83945.000,-9999.000
83945.500,83946.499,83946.000,-9999.000
83946.500,83947.499,83947.000,-9999.000
83947.500,83948.499,83948.000,-9999.000
83948.500,83949.499,83949.000,-9999.000
83949.500,83950.499,83950.000,-9999.000
83950.500,83951.499,83951.000,-9999.000
83951.500,83952.499,83952.000,-9999.000
83952.500,83953.499,83953.000,-9999.000
83953.500,83954.499,83954.000,-9999.000
83954.500,83955.499,83955.000,-9999.000
83955.500,83956.499,83956.000,-9999.000
83956.500,83957.499,83957.000,-9999.000
83957.500,83958.499,83958.000,-9999.000
83958.500,83959.499,83959.000,-9999.000
83959.500,83960.499,83960.000,-9999.000
83960.500,83961.499,83961.000,-9999.000
83961.500,83962.499,83962.000,-9999.000
83962.500,83963.499,83963.000,-9999.000
83963.500,83964.499,83964.000,-9999.000
83964.500,83965.499,83965.000,-9999.000
83965.500,83966.499,83966.000,-9999.000
83966.500,83967.499,83967.000,-9999.000
83967.500,83968.499,83968.000,-9999.000
83968.500,83969.499,83969.000,-9999.000
83969.500,83970.499,83970.000,-9999.000
83970.500,83971.499,83971.000,-9999.000
83971.500,83972.499,83972.000,-9999.000
83972.500,83973.499,83973.000,-9999.000
83973.500,83974.499,83974.000,-9999.000
83974.500,83975.499,83975.000,-9999.000
83975.500,83976.499,83976.000,-9999.000
83976.500,83977.499,83977.000,-9999.000
83977.500,83978.499,83978.000,-9999.000
83978.500,83979.499,83979.000,-9999.000
83979.500,83980.499,83980.000,-9999.000
83980.500,83981.499,83981.000,-9999.000
83981.500,83982.499,83982.000,-9999.000
83982.500,83983.499,83983.000,-9999.000
83983.500,83984.499,83984.000,-9999.000
83984.500,83985.499,83985.000,-9999.000
83985.500,83986.499,83986.000,-9999.000
83986.500,83987.499,83987.000,-9999.000
83987.500,83988.499,83988.000,-9999.000
83988.500,83989.499,83989.000,-9999.000
83989.500,83990.499,83990.000,-9999.000
83990.500,83991.499,83991.000,-9999.000
83991.500,83992.499,83992.000,-9999.000
83992.500,83993.499,83993.000,-9999.000
83993.500,83994.499,83994.000,-9999.000
83994.500,83995.499,83995.000,-9999.000
