FRAPPE-TOGA_C130_20140731_R2.ict
90,1001
Eric Apel, Rebecca Hornbrook, Alan Hills
Atmospheric Chemistry Division/NESL/NCAR
Trace Organic Gases measured with TOGA on the C-130
FRAPPE_CO_2014
1,1
2014, 7, 31, 2016, 1, 8
0
Start_UTC, seconds, number_of_seconds_from_0000_UTC
56
1,1,1,1,1,1,1,1,1,1,1,1,1,1,1,1,1,1,1,1.0,1,1,1,1,1,1,1,1,1,1,1,1,1,1,1,1,1,1,1,1,1,1,1,1,1,1,1,1,1,1,1,1,1,1,1,1
-999,-999,-999,-999,-999,-999,-999,-999,-999,-999,-999,-999,-999,-999,-999,-999,-999,-999,-999,-999,-999,-999,-999,-999,-999,-999,-999,-999,-999,-999,-999,-999,-999,-999,-999,-999,-999,-999,-999,-999,-999,-999,-999,-999,-999,-999,-999,-999,-999,-999,-999,-999,-999,-999,-999,-999
Stop_UTC, seconds
Mid-point_UTC, seconds
C3H8, pptv
CH2O, pptv
HCN, pptv
i_Butane, pptv
n_Butane, pptv
Acetaldehyde, pptv
i_Butene_1_Butene, pptv
Methyl_Bromide, pptv
i_Pentane, pptv
n_Pentane, pptv
Methanol, pptv
Ethanol, pptv
Acrolein, pptv
Isoprene, pptv
DMS, pptv
CFC11, pptv
CFC113, pptv
Propanal, pptv
Acetone, pptv
2_Methylpentane, pptv
3_Methylpentane, pptv
n_Hexane, pptv
Dichloromethane, pptv
CH3CN, pptv
MACR, pptv
MVK, pptv
3_MethylFuran, pptv
Butanal, pptv
MEK, pptv
Chloroform, pptv
Carbon_Tetrachloride, pptv
EthylNitrate, pptv
I_PropylNitrate, pptv
MBO, pptv
Benzene, pptv
n_Heptane, pptv
Bromodichloromethane, pptv
Dibromomethane, pptv
tert_ButylNitrate, pptv
2_ButylNitrate_n_ButylNitrate, pptv
2_PentylNitrate_3_PentylNitrate, pptv
Toluene, pptv
Ethylbenzene_m_p_Xylene, pptv
o_Xylene, pptv
Tetrachloroethylene, pptv
Dibromochloromethane, pptv
Chlorobenzene, pptv
Bromoform, pptv
Alpha_Pinene, pptv
Camphene, pptv
Beta_Pinene, pptv
d_Limonene_3_Carene, pptv
1_2_4_Trimethylbenzene, pptv
1_2_3_Trimethylbenzene, pptv
0
20
PI_CONTACT_INFO: 303-497-1452, NCAR, 3450 Mitchell Lane, Boulder, CO 80307, apel@ucar.edu
PLATFORM: NCAR/NSF C-130
LOCATION: Latitude, Longitude and Altitude are in C-130 ADS files
ASSOCIATED_DATA: N/A
INSTRUMENT_INFO: Trace Organic Gas Analyzer
DATA_INFO: 35-second integrated sampling time
UNCERTAINTY: reported below in OTHER_COMMENTS for each VOC as a relative uncertainty (in %) and an absolute uncertainty (in pptv), whichever is greater.
ULOD_FLAG: -777
ULOD_VALUE: N/A
LLOD_FLAG: -888
LLOD_VALUE: N/A,N/A,10,2,10,0.5,0.5,5,1,1,0.5,0.5,20,10,1,1,0.5,1,1,5.0,20,0.5,0.5,0.5,1,1,1,1,1,1,1,1,1,0.5,1,0.5,1,3,0.5,0.03,1,1,1,0.5,0.3,0.2,0.3,0.02,0.1,0.1,0.2,0.5,0.5,0.5,1,1
DM_CONTACT_INFO: Eric Apel, apel@ucar.edu
PROJECT_INFO: FRAPPÉ study July-August 2014, field catalog: http://catalog.eol.ucar.edu/frappe
STIPULATIONS_ON_USE: contact PI BEFORE use/presentation/publication
OTHER_COMMENTS: uncertainties:
OTHER_COMMENTS:  C3H8: 30% or 20,CH2O: 40% or 40,HCN: 50% or 20,i_Butane: 15% or 1,n_Butane: 15% or 1,Acetaldehyde: 20% or 10,i_Butene_1_Butene: 50% or 2,Methyl_Bromide: 20% or 2,i_Pentane: 15% or 1,n_Pentane: 15% or 1,Methanol: 30% or 40,Ethanol: 30% or 20,Acrolein: 30% or 2,Isoprene: 15% or 2,DMS: 15% or 1,CFC11: 20% or 10,CFC113: 20% or 2,Propanal: 20% or 10,Acetone: 20% or 40,2_Methylpentane: 15% or 1,3_Methylpentane: 15% or 1,n_Hexane: 15% or 1,Dichloromethane: 15% or 2,CH3CN: 40% or 2,MACR: 20% or 2,MVK: 20% or 2,3_MethylFuran: 20% or 2,Butanal: 30% or 2,MEK: 20% or 2,Chloroform: 15% or 2,Carbon_Tetrachloride: 30% or 2,EthylNitrate: 50% or 2,I_PropylNitrate: 25% or 2,MBO: 30% or 1,Benzene: 15% or 2,n_Heptane: 30% or 6,Bromodichloromethane: 20% or 0.1,Dibromomethane: 15% or 0.06,tert_ButylNitrate: 50% or 2,2_ButylNitrate_n_ButylNitrate: 40% or 2,2_PentylNitrate_2_PentylNitrate: 30% or 2,Toluene: 15% or 1,Ethylbenzene_m_p_Xylene: 20% or 0.6,o_Xylene: 20% or 0.4,Tetrachloroethylene: 15% or 0.6,Dibromochloromethane: 15% or 0.06,Chlorobenzene: 15% or 0.2,Bromoform: 30% or 0.4,Alpha_Pinene: 30% or 0.4,Camphene: 30% or 1,Beta_Pinene: 30% or 1,d_Limonene_3_Carene: 30% or 1,1_2_4_Trimethylbenzene: 50% or 2,1_2_3_Trimethylbenzene: 50% or 2,,,
REVISION: R2, R1
R2: final data, no change from preliminary data
R1: preliminary data
Start_UTC,Stop_UTC,Mid-point_UTC,C3H8,CH2O,HCN,i_Butane,n_Butane,Acetaldehyde,i_Butene_1_Butene,Methyl_Bromide,i_Pentane,n_Pentane,Methanol,Ethanol,Acrolein,Isoprene,DMS,CFC11,CFC113,Propanal,Acetone,2_Methylpentane,3_Methylpentane,n_Hexane,Dichloromethane,CH3CN,MACR,MVK,3_MethylFuran,Butanal,MEK,Chloroform,Carbon_Tetrachloride,EthylNitrate,I_PropylNitrate,MBO,Benzene,n_Heptane,Bromodichloromethane,Dibromomethane,tert_ButylNitrate,2_ButylNitrate_n_ButylNitrate,2_PentylNitrate_3_PentylNitrate,Toluene,Ethylbenzene_m_p_Xylene,o_Xylene,Tetrachloroethylene,Dibromochloromethane,Chlorobenzene,Bromoform,Alpha_Pinene,Camphene,Beta_Pinene,d_Limonene_3_Carene,1_2_4_Trimethylbenzene,1_2_3_Trimethylbenzene
72125,72160,72143,634,2259,408,179.9,346.1,1072,12.9,6.66,402.2,220.3,5390,1667,14.3,32.1,-888,230,58.0,68.9,1996,136.3,51.8,84.7,65.4,-999,22.9,69.7,-888,29.0,191.7,14.90 ,-999,6.21 ,13.33 ,1.49 ,80.6,30.2,-888,0.50 ,10.49 ,27.58 ,-999,203.1,89.7,28.1,21.21 ,0.55 ,-888,0.86 ,6.56 ,1.07 ,3.47 ,-888,277.16,131.16
72245,72280,72263,623,1891,333,100.5,189.5,632,8.1,6.80,136.5,76.0,4576,1018,5.6,11.7,-888,229,59.4,52.2,1751,40.3,14.9,21.0,48.8,-999,8.4,33.2,-888,19.2,146.2,11.42 ,-999,5.52 ,11.15 ,-888,30.8,7.2,-888,0.83 ,7.74 ,24.77 ,-999,56.9,199.5,64.2,6.54 ,-888,-888,0.77 ,2.46 ,-888,0.97 ,-888,72.75,35.60
72365,72400,72383,486,1465,362,49.0,124.2,354,3.6,5.72,39.7,33.0,4701,376,-888,-888,-888,231,63.1,29.2,1539,9.4,3.9,6.5,50.7,-999,5.0,14.4,-888,12.2,111.6,11.36 ,-999,3.83 ,8.21 ,-888,14.4,-888,-888,0.71 ,8.09 ,18.53 ,-999,6.9,3.1,1.0,2.11 ,-888,-888,0.60 ,0.40 ,1.15 ,-888,-888,13.91,10.00
72485,72520,72503,605,1354,200,622.0,2676.0,339,54.7,5.71,942.4,1413.5,4751,513,-888,7.7,-888,228,61.4,35.4,1543,277.5,95.8,189.5,51.2,-999,2.9,7.2,-888,10.3,118.6,15.72 ,-999,4.59 ,8.30 ,5.08 ,35.7,40.5,-888,0.75 ,7.16 ,21.57 ,-999,15.9,3.2,0.8,1.83 ,-888,-888,0.74 ,0.77 ,-888,-888,-888,11.25,11.78
72605,72640,72623,742,1310,310,86.4,259.8,353,7.9,6.45,69.3,82.3,4108,358,-888,-888,-888,225,59.6,34.3,1535,19.7,6.7,17.4,48.0,-999,2.6,5.9,-888,9.8,118.2,11.13 ,-999,4.30 ,8.16 ,-888,17.2,6.1,-888,0.84 ,6.02 ,25.45 ,-999,7.3,2.9,0.9,1.99 ,0.28 ,-888,0.66 ,-888,-888,-888,-888,9.66,10.24
72725,72760,72743,762,1497,362,93.2,244.8,457,6.3,6.13,70.0,68.1,4594,642,1.6,17.6,-888,234,61.4,34.1,1659,19.2,5.9,13.6,51.6,-999,7.1,27.6,-888,13.6,133.4,11.82 ,-999,4.82 ,10.64 ,-888,19.0,5.1,-888,0.67 ,-888,22.03 ,-999,12.8,5.1,1.6,2.84 ,-888,0.39 ,0.60 ,0.49 ,-888,-888,-888,15.61,10.36
72845,72880,72863,1870,1753,291,229.2,586.1,629,13.7,5.95,198.7,188.1,5335,805,2.3,-888,-888,230,60.7,54.6,1797,62.7,23.1,54.8,57.5,-999,2.0,4.3,-888,14.2,193.4,14.00 ,-999,6.13 ,15.63 ,-888,37.2,24.1,-888,0.82 ,8.50 ,43.62 ,-999,44.8,12.9,4.1,4.90 ,-888,-888,0.69 ,0.50 ,-888,-888,-888,31.36,14.23
72965,73000,72983,1844,1821,323,349.1,827.2,708,18.7,6.19,245.8,254.9,5281,894,-888,-888,-888,229,62.9,51.0,1856,72.9,24.1,58.4,56.4,-999,2.9,7.6,-888,11.4,225.4,13.71 ,-999,6.30 ,16.94 ,-888,36.6,22.6,-888,0.79 ,9.28 ,59.22 ,-999,39.1,9.1,2.6,4.13 ,-888,-888,0.77 ,0.71 ,-888,-888,-888,22.56,11.61
73205,73240,73223,4335,1687,266,1155.0,3147.8,861,58.0,6.00,972.3,1064.2,4798,591,2.9,5.0,-888,223,59.5,107.3,2099,285.5,81.2,243.1,47.2,-999,3.5,9.9,-888,19.2,383.3,14.96 ,-999,8.40 ,24.90 ,-888,75.3,85.8,-888,0.86 ,16.90 ,94.07 ,-999,64.0,16.7,4.9,4.84 ,-888,-999,0.62 ,1.37 ,-888,-888,-888,29.63,17.30
73325,73360,73343,5068,1737,308,1335.3,3118.9,1145,61.8,6.29,1030.4,1109.7,5995,1553,2.4,16.0,2.2,231,60.6,107.8,2307,336.2,96.5,297.5,48.9,-999,3.7,11.9,-888,25.1,412.5,15.37 ,-999,7.13 ,23.70 ,-888,114.4,116.6,-888,0.72 ,21.56 ,94.41 ,-999,115.3,35.7,9.2,2.92 ,-888,-999,0.63 ,0.65 ,-888,-888,-888,56.54,33.30
73445,73480,73463,3794,2228,322,918.4,2262.3,1060,47.5,6.32,803.5,856.4,5325,1410,6.8,6.5,2.5,232,61.3,105.0,2205,294.1,90.6,293.5,52.0,-999,10.6,32.0,-888,20.7,374.3,17.48 ,-999,7.97 ,23.66 ,4.17 ,91.1,148.7,-888,0.66 ,14.73 ,91.29 ,-999,135.6,50.2,13.6,6.25 ,-888,-999,0.75 ,0.72 ,-888,-888,-888,86.94,46.65
73565,73600,73583,4501,1878,331,969.7,2493.4,1035,50.3,6.45,737.2,849.2,5405,1451,3.4,3.0,2.2,233,62.2,98.6,2248,235.7,67.5,205.9,51.9,-999,4.3,14.7,-888,20.4,366.6,15.03 ,-999,6.20 ,22.94 ,2.28 ,66.6,72.7,-888,0.82 ,14.97 ,78.80 ,-999,82.9,19.2,6.3,5.26 ,-888,-999,0.71 ,0.59 ,-888,-888,-888,36.42,22.62
73685,73720,73703,2872,1854,252,504.6,1348.4,834,30.0,5.84,350.8,385.7,4776,1285,3.6,3.3,1.1,229,62.9,65.7,2135,93.3,25.2,77.8,45.7,-999,3.1,6.7,-888,11.9,293.4,12.43 ,-999,6.76 ,20.83 ,-888,37.6,26.2,-888,0.78 ,12.64 ,71.83 ,-999,65.5,7.1,2.2,3.55 ,-888,-999,0.62 ,-888,-888,-888,-888,17.73,10.56
73805,73840,73823,2373,1591,307,417.4,1186.7,914,26.2,6.68,262.7,312.7,5173,1617,4.2,27.1,-888,231,62.3,62.0,2035,67.2,17.4,54.3,49.1,-999,4.9,12.1,-888,12.2,265.6,11.83 ,-999,5.41 ,19.85 ,-888,29.1,13.4,-888,0.73 ,15.01 ,56.57 ,-999,25.8,4.1,1.5,2.30 ,0.16 ,-999,0.59 ,0.60 ,-888,-888,-888,12.60,9.94
73925,73960,73943,2242,1436,259,170.3,455.8,456,10.3,5.92,98.6,111.9,3803,596,2.3,4.6,-888,228,63.0,39.0,1609,25.6,6.5,20.8,48.7,-999,2.4,9.9,-888,8.4,144.5,10.92 ,-999,5.21 ,10.02 ,-888,17.3,5.3,-888,0.75 ,8.23 ,32.09 ,-999,8.5,2.3,0.9,1.96 ,-888,-999,0.46 ,-888,-888,-888,-888,11.97,7.26
74045,74080,74063,2788,1556,306,482.5,1285.9,842,28.3,5.95,311.2,353.6,5118,1500,2.6,3.9,-888,238,62.3,61.6,2130,82.8,22.2,67.6,50.2,-999,3.1,9.9,-888,14.0,291.8,12.27 ,-999,6.42 ,18.36 ,-888,34.0,19.7,-888,0.75 ,12.37 ,73.05 ,-999,66.1,6.0,1.7,2.79 ,-888,-999,0.58 ,-888,-888,-888,-888,13.78,10.53
74165,74200,74183,3789,1647,259,808.7,2043.0,873,42.3,6.20,574.7,646.6,5085,1158,3.4,1.5,-888,232,61.8,88.7,2151,173.5,48.9,152.1,47.3,-999,3.2,7.4,-888,17.1,335.2,13.73 ,-999,8.12 ,21.61 ,-888,56.6,56.4,-888,0.60 ,18.84 ,74.22 ,-999,65.6,14.2,4.4,5.17 ,-888,-999,0.61 ,0.39 ,-888,-888,-888,27.77,13.67
74285,74320,74303,1150,1241,257,171.5,432.3,326,11.6,5.60,114.2,119.9,4014,343,-888,-888,-888,226,63.7,31.2,1965,29.6,9.5,25.3,45.0,-999,2.5,6.7,-888,6.6,129.9,10.79 ,-999,3.70 ,9.33 ,-888,16.6,8.9,-888,0.62 ,-888,28.65 ,-999,10.8,2.4,0.9,1.99 ,-888,-999,0.38 ,-888,-888,-888,-888,10.65,8.32
74405,74440,74423,7030,1595,315,1313.8,3212.5,955,63.2,6.64,967.8,1099.0,4952,1139,7.3,2.6,-888,229,61.4,123.1,2328,325.9,87.5,269.3,50.7,-999,3.6,9.2,-888,16.3,430.3,14.97 ,-999,7.92 ,28.01 ,-888,90.8,98.9,-888,0.70 ,16.43 ,112.19 ,-999,80.2,19.7,5.9,3.26 ,-888,-999,0.65 ,-888,-888,-888,-888,35.30,21.14
74525,74560,74543,4251,1634,325,928.3,2425.4,791,48.7,6.42,655.0,751.0,5100,617,6.5,-888,-888,231,61.0,87.9,2145,192.9,52.6,165.3,50.0,-999,2.5,-888,-888,16.0,368.3,15.35 ,-999,8.76 ,26.82 ,-888,62.1,59.5,-888,0.80 ,15.69 ,99.31 ,-999,55.2,13.2,4.2,4.46 ,0.22 ,-999,0.54 ,1.06 ,-888,-888,-888,26.98,13.23
74645,74680,74663,1981,1597,316,335.7,819.0,568,18.6,6.24,220.2,227.9,5323,636,2.0,-888,-888,231,63.2,40.8,1883,64.9,20.4,61.4,51.1,-999,3.0,6.6,-888,12.1,231.9,14.55 ,-999,5.49 ,18.54 ,-888,35.3,31.0,-888,0.78 ,8.97 ,56.05 ,-999,60.4,38.2,9.4,3.33 ,0.27 ,-999,0.67 ,-888,-888,-888,-888,76.55,62.34
74765,74800,74783,1887,1722,291,233.4,592.7,521,15.0,5.84,182.1,180.2,4983,656,-888,-888,-888,231,62.9,37.0,1809,49.9,15.5,42.9,53.1,-999,-888,-888,-888,7.8,193.9,13.92 ,-999,6.73 ,16.62 ,-888,34.9,17.9,-888,0.72 ,9.15 ,52.44 ,-999,31.8,7.3,2.2,4.15 ,0.37 ,-999,0.76 ,0.37 ,-888,-888,-888,15.81,7.66
74885,74920,74903,842,1469,339,86.0,212.8,336,5.7,6.11,59.7,59.2,3941,414,-888,-888,-888,232,61.1,28.0,1643,17.8,5.2,13.8,50.1,-999,-888,-888,-888,6.8,129.7,11.56 ,-999,5.52 ,10.18 ,-888,20.0,5.8,-888,0.70 ,-888,27.91 ,-999,13.0,4.0,0.9,2.76 ,0.21 ,-999,0.70 ,-888,-888,-888,-888,7.19,9.58
75005,75040,75023,714,1414,317,71.8,193.3,351,5.9,6.86,54.2,57.4,4396,445,1.7,1.2,-888,232,62.9,24.8,1537,15.4,4.0,11.4,43.5,-999,-888,-888,-888,8.8,125.3,11.71 ,-999,4.93 ,9.52 ,-888,18.0,4.9,-888,0.71 ,5.16 ,25.51 ,-999,7.7,2.9,0.8,2.03 ,0.12 ,-999,0.61 ,0.59 ,-888,-888,-888,9.10,7.95
75125,75160,75143,584,1135,277,51.5,135.7,321,5.0,5.94,30.8,36.2,4243,572,-888,-888,-888,223,62.1,18.2,1482,8.9,2.5,6.7,46.4,-999,-888,3.2,-888,7.2,98.9,10.87 ,-999,4.12 ,8.18 ,-888,13.7,-888,-888,0.61 ,7.84 ,16.94 ,-999,3.8,1.2,0.4,1.85 ,-888,-999,0.58 ,0.73 ,-888,-888,-888,8.82,9.58
75245,75280,75263,584,1276,295,44.1,100.7,274,4.0,5.50,22.9,22.8,4559,358,1.4,5.2,-888,232,61.2,19.0,1593,6.1,1.5,3.8,50.0,-999,5.2,15.1,-888,6.1,108.1,11.36 ,-999,4.41 ,8.36 ,-888,13.2,-888,-888,0.78 ,5.45 ,18.75 ,-999,3.2,0.9,0.3,1.89 ,0.40 ,-999,0.67 ,0.58 ,-888,-888,-888,6.75,4.43
75365,75400,75383,490,855,284,45.8,105.7,148,4.2,5.98,25.2,23.7,2650,95,-888,-888,-888,230,61.7,10.7,1360,5.9,1.4,4.5,47.5,-999,1.3,-888,-888,3.8,95.9,10.42 ,-999,4.16 ,8.32 ,-888,11.7,-888,-888,0.79 ,-888,17.45 ,-999,2.9,0.9,0.3,1.75 ,-888,-999,0.56 ,-888,-888,-888,-888,8.39,8.80
75485,75520,75503,627,784,296,66.7,141.6,178,3.6,6.00,30.7,33.6,2919,114,-888,-888,-888,230,60.7,16.4,1691,7.6,2.7,6.6,41.0,-999,-888,-888,-888,5.3,107.1,8.63 ,-999,4.27 ,11.09 ,-888,13.6,-888,-888,0.76 ,-888,24.28 ,-999,4.3,1.1,0.4,1.81 ,-888,-999,0.91 ,-888,-888,-888,-888,7.55,8.13
75605,75640,75623,561,641,266,58.9,123.9,129,3.8,6.01,24.4,27.8,2417,102,-888,-888,-888,228,60.4,13.2,1457,6.5,1.7,5.4,43.0,-999,-888,-888,-888,4.6,102.5,9.30 ,-999,5.06 ,6.95 ,-888,11.8,-888,-888,0.78 ,-888,16.98 ,-999,3.0,0.8,0.3,1.68 ,-888,-999,0.54 ,-888,-888,-888,-888,8.34,7.63
75725,75760,75743,591,635,263,58.1,122.1,136,3.7,6.22,21.9,26.6,2493,104,-888,-888,-888,232,64.1,12.0,1569,6.4,1.5,4.8,43.6,-999,-888,-888,-888,3.1,102.8,9.02 ,-999,4.09 ,9.40 ,-888,12.5,-888,-888,0.85 ,-888,14.83 ,-999,2.9,0.8,-888,1.52 ,-888,-999,0.70 ,-888,-888,-888,-888,6.44,8.48
75845,75880,75863,360,451,288,38.2,84.1,126,3.6,6.03,17.3,18.7,1852,90,-888,-888,-888,227,59.9,12.5,1230,4.4,1.3,3.4,51.6,-999,-888,-888,-888,4.5,73.7,10.69 ,-999,3.79 ,6.76 ,-888,10.3,-888,-888,0.74 ,-888,8.97 ,-999,1.9,0.7,0.3,1.72 ,-888,-999,0.46 ,-888,-888,-888,-888,4.77,6.02
75965,76000,75983,240,384,259,21.8,48.8,93,2.4,5.83,8.0,10.1,1394,67,-888,-888,-888,228,61.6,6.7,968,3.4,0.6,1.3,51.0,-999,-888,-888,-888,2.8,42.2,10.11 ,-999,3.05 ,4.23 ,-888,8.4,-888,-888,0.69 ,-888,8.87 ,-999,1.2,0.8,-888,1.67 ,-888,-999,0.37 ,-888,-888,-888,-888,5.99,7.71
76085,76120,76103,149,225,228,11.0,18.9,51,1.5,6.30,3.6,4.7,1036,52,-888,-888,-888,230,59.8,5.1,884,-888,-888,-888,54.9,-999,-888,-888,-888,1.7,15.2,11.58 ,-999,1.27 ,-888,-888,7.4,-888,-888,0.72 ,-888,-888,-999,0.8,0.3,-888,1.62 ,-888,-999,0.39 ,-888,-888,-888,-888,4.59,5.90
76205,76240,76223,105,241,259,6.4,12.2,46,-888,6.58,2.6,3.6,873,44,-888,-888,-888,228,63.7,-888,835,-888,-888,-888,54.8,-999,-888,-888,-888,-888,6.9,11.20 ,-999,1.73 ,1.08 ,-888,8.1,-888,-888,0.70 ,-888,-888,-999,0.8,-888,0.3,1.79 ,-888,-999,0.32 ,-888,-888,-888,-888,5.60,5.73
76325,76360,76343,121,175,254,6.8,12.3,41,1.4,5.75,-888,-888,825,36,-888,-888,-888,225,61.0,-888,814,-888,-888,-888,56.3,-999,-888,-888,-888,-888,8.3,11.18 ,-999,1.27 ,-888,-888,8.5,-888,-888,0.81 ,-888,-888,-999,0.9,0.5,-888,1.82 ,-888,-999,0.38 ,-888,-888,-888,-888,5.89,7.15
76445,76480,76463,70,96,263,6.7,10.2,42,1.6,5.94,3.3,4.2,774,40,-888,-888,-888,227,60.6,-888,799,-888,-888,-888,55.5,-999,-888,-888,-888,-888,7.5,11.30 ,-999,2.05 ,-888,-888,8.3,-888,-888,0.73 ,-888,-888,-999,1.0,-888,0.3,1.64 ,-888,-999,0.25 ,-888,-888,-888,-888,8.20,6.26
76565,76600,76583,84,96,224,5.1,8.7,29,2.1,6.34,-888,-888,733,36,-888,-888,-888,228,63.0,-888,706,-888,-888,-888,54.5,-999,-888,-888,-888,-888,5.5,11.10 ,-999,-888,-888,-888,5.9,-888,-888,0.62 ,-888,-888,-999,0.8,0.4,0.2,1.81 ,-888,-999,0.38 ,-888,-888,-888,-888,6.42,8.15
76685,76720,76703,39,-888,222,-888,-888,35,1.7,5.58,-888,-888,381,39,-888,-888,-888,233,61.9,-888,474,-888,-888,-888,54.6,-999,-888,-888,-888,-888,1.2,10.00 ,-999,-888,-888,-888,3.2,-888,-888,0.75 ,-888,-888,-999,0.8,0.3,0.2,1.25 ,-888,-999,0.40 ,-888,-888,-888,-888,5.29,7.47
76805,76840,76823,70,-888,223,-888,-888,29,-888,5.62,-888,-888,367,40,-888,-888,-888,228,60.8,-888,500,-888,-888,-888,52.4,-999,-888,-888,-888,-888,-888,9.44 ,-999,-888,-888,-888,4.0,-888,-888,0.60 ,-888,-888,-999,0.7,0.4,-888,1.32 ,-888,-999,0.34 ,-888,-888,-888,-888,5.39,6.55
76925,76960,76943,37,-888,282,-888,2.6,35,1.3,6.84,-888,-888,627,40,-888,-888,-888,234,61.7,-888,667,-888,-888,-888,56.5,-999,-888,-888,-888,-888,2.0,10.43 ,-999,1.86 ,-888,-888,6.7,-888,-888,0.62 ,-888,-888,-999,0.7,0.3,-888,1.80 ,-888,-999,0.29 ,-888,-888,-888,-888,5.36,6.94
77045,77080,77063,89,66,245,4.0,6.5,27,1.5,5.26,-888,-888,660,55,-888,-888,-888,233,63.1,-888,697,-888,-888,-888,56.3,-999,-888,-888,-888,-888,4.0,12.17 ,-999,2.78 ,-888,-888,6.3,-888,-888,0.83 ,-888,-888,-999,0.6,-888,-888,1.46 ,-888,-999,0.34 ,-888,-888,-888,-888,4.46,6.53
77165,77200,77183,120,145,254,9.1,19.5,44,2.2,5.74,3.4,3.7,1026,54,-888,-888,-888,224,60.7,-888,849,-888,-888,-888,51.0,-999,-888,-888,-888,-888,8.9,10.54 ,-999,-888,-888,-888,8.3,-888,-888,0.68 ,-888,-888,-999,0.9,-888,-888,1.53 ,-888,-999,0.41 ,-888,-888,-888,-888,6.77,6.74
77285,77320,77303,71,92,275,6.8,12.3,34,1.4,7.54,2.8,2.6,782,53,-888,-888,-888,235,63.7,-888,756,-888,-888,-888,57.5,-999,1.1,-888,-888,-888,9.1,11.02 ,-999,-888,-888,-888,6.7,-888,-888,0.73 ,-888,-888,-999,0.8,0.4,0.3,1.65 ,0.29 ,-999,0.30 ,-888,-888,-888,-888,6.75,6.50
77405,77440,77423,153,121,246,8.7,18.0,58,1.5,5.48,4.7,3.2,783,43,-888,-888,-888,229,63.5,-888,653,-888,-888,1.2,50.4,-999,-888,-888,-888,1.2,15.0,10.22 ,-999,1.71 ,-888,-888,4.9,-888,-888,0.61 ,-888,-888,-999,0.8,-888,-888,1.78 ,-888,-999,0.43 ,-888,-888,-888,-888,6.02,7.65
77525,77560,77543,666,503,234,66.4,139.4,140,4.4,7.20,28.8,30.3,2935,110,-888,-888,-888,231,62.4,8.9,1692,7.8,1.2,5.6,40.6,-999,-888,-888,-888,3.1,113.5,9.31 ,-999,4.70 ,9.51 ,-888,12.9,-888,-888,0.76 ,6.07 ,20.42 ,-999,3.3,0.8,0.3,1.74 ,-888,-999,0.61 ,-888,-888,-888,-888,5.13,5.67
77645,77680,77663,573,526,292,46.7,90.9,119,2.9,7.28,16.2,18.6,2887,97,-888,-888,-888,234,61.5,11.0,1661,3.1,-888,3.9,41.2,-999,-888,-888,-888,5.0,96.2,9.46 ,-999,4.49 ,8.17 ,-888,11.2,-888,-888,0.89 ,-888,17.18 ,-999,2.1,0.4,-888,1.64 ,-888,-999,0.65 ,-888,-888,-888,-888,6.81,8.20
77765,77800,77783,526,552,287,46.7,83.8,105,2.2,6.69,16.4,17.8,2958,82,-888,-888,-888,225,59.7,7.1,1526,3.4,1.1,2.9,42.9,-999,-888,-888,-888,4.0,89.4,8.98 ,-999,4.41 ,6.93 ,-888,11.2,-888,-888,0.92 ,7.59 ,16.35 ,-999,1.8,0.5,0.2,1.85 ,0.18 ,-999,0.42 ,-888,-888,-888,-888,5.58,7.50
77885,77920,77903,775,538,313,59.6,121.8,141,4.9,6.33,25.8,31.1,3018,123,-888,-888,-888,228,60.4,8.1,1657,6.2,1.5,5.3,40.7,-999,-888,-888,-888,3.7,97.3,8.84 ,-999,3.08 ,6.83 ,-888,13.0,-888,-888,0.82 ,-888,19.19 ,-999,3.9,0.9,0.2,1.77 ,-888,-999,0.65 ,-888,-888,-888,-888,4.33,6.25
78005,78040,78023,593,930,261,50.3,89.7,151,3.2,6.44,20.1,19.0,2770,95,-888,-888,-888,230,62.5,6.9,1756,4.2,1.5,3.8,37.6,-999,-888,-888,-888,3.7,91.3,9.28 ,-999,4.33 ,9.49 ,-888,11.7,-888,-888,0.73 ,-888,15.64 ,-999,2.4,0.4,-888,1.48 ,-888,-999,0.65 ,-888,-888,-888,-888,5.57,6.44
78125,78160,78143,600,601,280,59.1,103.9,133,3.1,6.63,23.3,24.6,3112,83,-888,-888,-888,229,59.6,6.3,1822,6.3,1.2,4.7,37.3,-999,-888,-888,-888,1.3,100.0,8.90 ,-999,3.27 ,8.10 ,-888,13.1,-888,-888,0.75 ,-888,16.90 ,-999,3.4,0.8,0.2,1.62 ,-888,-999,0.60 ,-888,-888,-888,-888,6.14,7.00
78245,78280,78263,1233,724,328,96.9,211.9,189,6.0,6.00,50.7,51.0,3550,133,-888,-888,-888,234,65.2,21.7,1894,11.7,3.1,9.4,42.0,-999,-888,-888,-888,5.5,156.4,9.33 ,-999,5.37 ,13.47 ,-888,16.7,-888,-888,0.86 ,7.27 ,-888,-999,7.3,2.4,0.4,3.11 ,-888,-999,0.91 ,-888,-888,-888,-888,-888,-888
78365,78400,78383,-999,-999,-999,-999,-999,-999,-999,-999,-999,-999,-999,-999,-999,-999,-999,-999,-999,-999,-999,-999,-999,-999,-999,-999,-999,-999,-999,-999,-999,-999,-999,-999,-999,-999,-999,-999,-999,-999,-999,-999,-999,-999,-999,-999,-999,-999,-999,-999,-999,-999,-999,-999,-999,-999
78485,78520,78503,-999,-999,-999,-999,-999,-999,-999,-999,-999,-999,-999,-999,-999,-999,-999,-999,-999,-999,-999,-999,-999,-999,-999,-999,-999,-999,-999,-999,-999,-999,-999,-999,-999,-999,-999,-999,-999,-999,-999,-999,-999,-999,-999,-999,-999,-999,-999,-999,-999,-999,-999,-999,-999,-999
78605,78640,78623,-999,-999,-999,-999,-999,-999,-999,-999,-999,-999,-999,-999,-999,-999,-999,-999,-999,-999,-999,-999,-999,-999,-999,-999,-999,-999,-999,-999,-999,-999,-999,-999,-999,-999,-999,-999,-999,-999,-999,-999,-999,-999,-999,-999,-999,-999,-999,-999,-999,-999,-999,-999,-999,-999
78725,78760,78743,140,444,316,7.4,20.1,76,-888,5.59,4.7,4.5,1273,55,-888,-888,-888,231,60.2,5.6,764,-888,-888,-888,52.3,-999,-888,-888,-888,3.8,15.9,10.38 ,-999,-888,-888,-888,5.5,-888,-888,0.73 ,-888,-888,-999,0.8,-888,-888,1.43 ,-888,-999,0.30 ,-888,-888,-888,-888,4.93,7.28
