FRAPPE-PILS_C130_20140731_R0.ict
41, 1001
Delphine Farmer
Colorado State University
PILS-IC
FRAPPE
1, 1
2014, 07, 31, 2014, 12, 03
0
datetimeutc_start, seconds_past_midnight, igorUTC_start
8
1, 1, 1, 1, 1, 1, 1, 1
-9999, -9999, -9999, -9999, -9999, -9999, -9999, -9999
datetimeutc_end, seconds_past_midnight, igorUTC_end
Cl_, ug/m^3, chloride
NO2_, ug/m^3, nitrite
NO3_, ug/m^3, nitrate
NH4_, ug/m^3, ammonium
K_, ug/m^3, potassium
Mg2_, ug/m^3, magnesium
Ca2_, ug/m^3, calcium
1
N/A
18
PI_CONTACT_INFO: Address:Colorado State University, Department of Chemistry, Fort Collins CO 80523
PLATFORM: UCAR C130
LOCATION: Broomfield, CO
ASSOCIATED_DATA: N/A
INSTRUMENT_INFO: PILS with Offline IC analysis
DATA_INFO: ug/m^3
UNCERTAINTY: Uncertainty to be determined for later revision, please contact PI
ULOD_FLAG: -7777
ULOD_VALUE: N/A
LLOD_FLAG: -8888
LLOD_VALUE: N/A
DM_CONTACT_INFO: Data Manager:Christine Fukami, csfukami@rams.colostate.edu
PROJECT_INFO: date
STIPULATIONS_ON_USE: Please contact Data manager and/or PI
OTHER_COMMENTS: 5 minute sample collection
REVISION: R0

datetimeutc_start, datetimeutc_end, Cl_, NO2_, NO3_, NH4_, K_, Mg2_, Ca2_
72252.000,72552.000,0.280,-0.062,-0.285,0.015,-0.033,0.038,0.445
72552.000,72852.000,-0.038,0.137,-0.291,0.070,-0.108,0.072,0.130
72852.000,73152.000,0.055,-0.002,0.082,0.111,-0.111,0.006,0.031
73152.000,73452.000,0.004,-0.052,0.121,0.108,-0.037,0.056,0.205
73452.000,73752.000,0.900,-0.102,0.534,0.697,0.333,0.335,0.387
73752.000,74052.000,0.306,-0.094,-0.390,-0.242,0.002,0.076,0.251
74052.000,74352.000,0.005,0.049,-0.286,-0.258,-0.112,0.186,0.090
74352.000,74652.000,0.024,-0.104,-0.205,-0.356,-0.046,0.023,0.054
74652.000,74952.000,0.187,-0.012,-0.179,-0.304,-0.137,-0.014,0.018
74952.000,75252.000,0.457,-0.074,-0.242,-0.295,-0.018,0.016,0.057
75252.000,75552.000,1.189,-0.103,-0.501,0.209,8.825,2.933,7.813
75552.000,75852.000,0.250,0.073,-0.289,-0.199,0.068,0.352,1.600
75852.000,76152.000,0.045,0.065,-0.479,-0.379,-0.089,0.090,0.472
76152.000,76452.000,0.070,-0.040,-0.411,-0.346,0.164,0.030,0.230
76452.000,76752.000,1.780,0.073,-0.429,-0.140,-0.090,0.336,0.259
76752.000,77052.000,0.332,0.144,-0.371,-0.263,0.013,0.344,0.348
77052.000,77352.000,0.031,0.208,-0.433,-0.326,-0.081,0.343,0.233
77352.000,77652.000,0.266,0.391,0.037,-0.405,-0.087,0.191,0.202
77652.000,77952.000,0.030,0.329,-0.452,-0.349,0.173,0.094,0.992
77952.000,78252.000,-0.095,0.431,-0.498,-0.318,0.205,0.205,0.533
78252.000,78552.000,0.792,0.627,0.053,-0.300,0.049,0.101,0.572
78552.000,78852.000,0.788,0.389,0.124,-0.060,0.561,0.124,0.517
78852.000,79152.000,0.342,0.486,0.842,-0.423,-0.071,0.099,0.198
79152.000,79452.000,1.081,0.679,0.483,-0.198,0.830,0.025,0.270
79452.000,79752.000,0.458,0.846,-0.258,-0.366,0.055,0.130,0.484
79752.000,80052.000,-0.068,0.811,-0.149,-0.202,-0.036,-0.059,-0.152
80052.000,80352.000,0.130,0.772,0.599,-0.275,0.186,0.061,0.422
80352.000,80652.000,-0.071,0.873,-0.013,-0.323,-0.053,0.044,0.176
80652.000,80952.000,0.537,0.784,0.556,0.088,-0.073,0.078,0.140
80952.000,81252.000,0.315,1.153,0.501,-0.102,0.154,0.242,1.966
81252.000,81552.000,-0.008,0.486,0.180,-0.322,-0.107,0.049,0.234
81552.000,81852.000,0.009,0.994,-0.072,-0.264,-0.006,0.047,0.213
81852.000,82152.000,0.048,0.722,-0.021,-0.336,-0.118,0.007,0.057
82152.000,82452.000,6.928,0.373,0.081,-0.310,0.108,0.023,0.171
82452.000,82752.000,0.226,0.424,-0.291,-0.294,0.067,0.112,0.653
82752.000,83052.000,-0.043,0.629,-0.300,-0.298,-0.084,0.070,0.200
83052.000,83352.000,0.093,0.316,-0.224,-0.249,0.031,0.108,0.301
83352.000,83652.000,0.903,0.107,-0.409,-0.355,-0.051,0.285,0.360
83652.000,83952.000,0.220,0.394,-0.329,-0.252,0.053,0.231,0.326
83952.000,84252.000,0.198,0.461,-0.313,-0.180,0.028,0.091,0.218
84252.000,84552.000,-0.046,0.223,-0.235,-0.290,0.059,0.094,0.182
84552.000,84852.000,0.003,0.023,0.052,-0.233,-0.036,0.386,0.418
84852.000,85152.000,-0.186,0.093,-0.447,-0.233,-0.085,0.051,0.204
85152.000,85452.000,-0.245,0.172,-0.491,-0.297,-0.097,0.125,4.872
85452.000,85752.000,-0.227,0.196,-0.389,-0.044,-0.044,0.267,0.674
85752.000,86052.000,0.069,0.063,-0.451,-0.200,0.106,0.066,0.272
86052.000,86352.000,-0.130,0.130,-0.396,-0.335,-0.100,0.077,0.115
86352.000,86652.000,-0.119,0.228,-0.474,-0.258,-0.109,0.093,0.075
86652.000,86952.000,0.296,0.232,-0.327,-0.230,0.144,0.019,0.388
86952.000,87252.000,-0.181,0.113,-0.406,-0.315,-0.101,0.039,-0.042
87252.000,87552.000,0.030,0.028,-0.212,-0.339,-0.050,0.160,0.458
87552.000,87852.000,-0.138,0.129,-0.245,-0.350,-0.149,-0.001,0.006
87852.000,88152.000,0.731,0.120,-0.292,-0.403,-0.123,0.017,0.015
88152.000,88452.000,0.063,0.082,-0.010,-0.257,0.008,0.023,0.100
88452.000,88752.000,0.133,0.121,-0.295,-0.588,0.221,0.167,0.685
88752.000,89052.000,0.957,0.844,-0.135,-0.253,-0.106,0.539,0.719
89052.000,89352.000,-0.135,0.247,-0.127,-0.233,-0.141,0.071,0.300
89352.000,89652.000,0.106,0.259,0.301,-0.233,0.036,0.085,0.212
