FRAPPE-NH3_C130_20140731_R0.ict
36, 1001
Scott Herndon (herndon@aerodyne.com), Rob Roscioli (roscioli@aerodyne.com), John Nowak (jnowak@aerodyn.com)
Aerodyne Research, Inc.
Aerodyne Dual NH3/HNO3 QCL Instrument
FRAPPE
1, 1
2014, 07, 31, 2014, 12, 18
0
NH3_Starttime, seconds_past_midnight
3
1, 1, 1
-9999, -9999, -9999
NH3_Stoptime, seconds_past_midnight
NH3_Midtime, seconds_past_midnight
NH3_ppbv, ppbv
1
Inlet developed a leak in-flight little data salvagable after 2100
18
PI_CONTACT_INFO: 45 Manning Road, Billerica, MA 01821
PLATFORM: NSF/NCAR C130 Aircraft
LOCATION: Latitude, Longitude, and Altitude of the C-130 can be obtained from other files
ASSOCIATED_DATA: Calibration source measured by UV optical absorption periodically throughout project as in Neuman, J.A. et al., Calibration and Evaluation of Nitric Acid and Ammonia Permeation Tubes by UV Optical Absorption, Environ. Sci. Technol.; 37(13); 2975-2981 doi
INSTRUMENT_INFO: Herndon, S.C., et al., Charcterization of urban pollutant emission fluxes and ambient concentration distributions using a mobile laboratory with rapid response instrumentation, Faraday Discuss. 2005, 130, 327-329. Jimenez, R., et al,. In Atmospheric trace gas measurements using a dual quantum-cascade laser mid-infrared absorption spectrometer, Proc. of SPIE, 2005; Mermelstein, C.; Bour, D., Eds. 2005. McManus, J.B., et al., Application of quantum cascade lasers to high-precision atmospheric trace gas measurements., Opt. Eng., 2010, 39, (11), 111124-111124-11.
DATA_INFO: Units: ppbv
UNCERTAINTY: +/- (22% + 0.84 ppbv) + 0.170 ppbv
ULOD_FLAG: -7777
ULOD_VALUE: N/A
LLOD_FLAG: -8888
LLOD_VALUE: N/A
DM_CONTACT_INFO: Data Manager: Rob Roscioli (roscioli@aerodyne.com), John Nowak (jnowak@aerodyne.com)
PROJECT_INFO: Project Info: 
STIPULATIONS_ON_USE: Use of these data require prior ok from PI.
OTHER_COMMENTS: 1. The 1/e signal decay time after a standard addition calibration of ~25 ppbv is between 1 to 2 seconds depending on flight.  All data submitted at 1 s with this caveat. 2. Accuracy is the combined uncertainty for the in-flight calibrations, the RMS average difference between consecutive instrumental background measurements, and the instrument precision (which is the noise on the individual instrumental background measurements). For the example +/-(22% +0.305 ppbv) +0.058 ppbv, 22% is the calibration uncertainty, 0.305 ppbv is the RMS difference between consectuvie background measurements, and 0.058 ppbv is the instrument precision.
REVISION: R0
R0: Final Data
NH3_Starttime, NH3_Stoptime, NH3_Midtime, NH3_ppbv
[from data line 12702]
84396.500,84397.499,84397.000,-9999.000
84397.500,84398.499,84398.000,-9999.000
84398.500,84399.499,84399.000,-9999.000
84399.500,84400.499,84400.000,-9999.000
84400.500,84401.499,84401.000,-9999.000
84401.500,84402.499,84402.000,-9999.000
84402.500,84403.499,84403.000,-9999.000
84403.500,84404.499,84404.000,-9999.000
84404.500,84405.499,84405.000,-9999.000
84405.500,84406.499,84406.000,-9999.000
84406.500,84407.499,84407.000,-9999.000
84407.500,84408.499,84408.000,-9999.000
84408.500,84409.499,84409.000,-9999.000
84409.500,84410.499,84410.000,-9999.000
84410.500,84411.499,84411.000,-9999.000
84411.500,84412.499,84412.000,-9999.000
84412.500,84413.499,84413.000,-9999.000
84413.500,84414.499,84414.000,-9999.000
84414.500,84415.499,84415.000,-9999.000
84415.500,84416.499,84416.000,-9999.000
84416.500,84417.499,84417.000,-9999.000
84417.500,84418.499,84418.000,-9999.000
84418.500,84419.499,84419.000,-9999.000
84419.500,84420.499,84420.000,-9999.000
84420.500,84421.499,84421.000,-9999.000
84421.500,84422.499,84422.000,-9999.000
84422.500,84423.499,84423.000,-9999.000
84423.500,84424.499,84424.000,-9999.000
84424.500,84425.499,84425.000,-9999.000
84425.500,84426.499,84426.000,-9999.000
84426.500,84427.499,84427.000,-9999.000
84427.500,84428.499,84428.000,-9999.000
84428.500,84429.499,84429.000,-9999.000
84429.500,84430.499,84430.000,-9999.000
84430.500,84431.499,84431.000,-9999.000
84431.500,84432.499,84432.000,-9999.000
84432.500,84433.499,84433.000,-9999.000
84433.500,84434.499,84434.000,-9999.000
84434.500,84435.499,84435.000,-9999.000
84435.500,84436.499,84436.000,-9999.000
84436.500,84437.499,84437.000,-9999.000
84437.500,84438.499,84438.000,-9999.000
84438.500,84439.499,84439.000,-9999.000
84439.500,84440.499,84440.000,-9999.000
84440.500,84441.499,84441.000,-9999.000
84441.500,84442.499,84442.000,-9999.000
84442.500,84443.499,84443.000,-9999.000
84443.500,84444.499,84444.000,-9999.000
84444.500,84445.499,84445.000,-9999.000
84445.500,84446.499,84446.000,-9999.000
84446.500,84447.499,84447.000,-9999.000
84447.500,84448.499,84448.000,-9999.000
84448.500,84449.499,84449.000,-9999.000
84449.500,84450.499,84450.000,-9999.000
84450.500,84451.499,84451.000,-9999.000
84451.500,84452.499,84452.000,-9999.000
84452.500,84453.499,84453.000,-9999.000
84453.500,84454.499,84454.000,-9999.000
84454.500,84455.499,84455.000,-9999.000
84455.500,84456.499,84456.000,-9999.000
84456.500,84457.499,84457.000,-9999.000
84457.500,84458.499,84458.000,-9999.000
84458.500,84459.499,84459.000,-9999.000
84459.500,84460.499,84460.000,-9999.000
84460.500,84461.499,84461.000,-9999.000
84461.500,84462.499,84462.000,-9999.000
84462.500,84463.499,84463.000,-9999.000
84463.500,84464.499,84464.000,-9999.000
84464.500,84465.499,84465.000,-9999.000
84465.500,84466.499,84466.000,-9999.000
84466.500,84467.499,84467.000,-9999.000
84467.500,84468.499,84468.000,-9999.000
84468.500,84469.499,84469.000,-9999.000
84469.500,84470.499,84470.000,-9999.000
84470.500,84471.499,84471.000,-9999.000
84471.500,84472.499,84472.000,-9999.000
84472.500,84473.499,84473.000,-9999.000
84473.500,84474.499,84474.000,-9999.000
84474.500,84475.499,84475.000,-9999.000
84475.500,84476.499,84476.000,-9999.000
84476.500,84477.499,84477.000,-9999.000
84477.500,84478.499,84478.000,-9999.000
84478.500,84479.499,84479.000,-9999.000
84479.500,84480.499,84480.000,-9999.000
84480.500,84481.499,84481.000,-9999.000
84481.500,84482.499,84482.000,-9999.000
84482.500,84483.499,84483.000,-9999.000
84483.500,84484.499,84484.000,-9999.000
84484.500,84485.499,84485.000,-9999.000
84485.500,84486.499,84486.000,-9999.000
84486.500,84487.499,84487.000,-9999.000
84487.500,84488.499,84488.000,-9999.000
84488.500,84489.499,84489.000,-9999.000
84489.500,84490.499,84490.000,-9999.000
84490.500,84491.499,84491.000,-9999.000
84491.500,84492.499,84492.000,-9999.000
84492.500,84493.499,84493.000,-9999.000
84493.500,84494.499,84494.000,-9999.000
84494.500,84495.499,84495.000,-9999.000
84495.500,84496.499,84496.000,-9999.000
84496.500,84497.499,84497.000,-9999.000
84497.500,84498.499,84498.000,-9999.000
84498.500,84499.499,84499.000,-9999.000
84499.500,84500.499,84500.000,-9999.000
84500.500,84501.499,84501.000,-9999.000
84501.500,84502.499,84502.000,-9999.000
84502.500,84503.499,84503.000,-9999.000
84503.500,84504.499,84504.000,-9999.000
84504.500,84505.499,84505.000,-9999.000
84505.500,84506.499,84506.000,-9999.000
84506.500,84507.499,84507.000,-9999.000
84507.500,84508.499,84508.000,-9999.000
84508.500,84509.499,84509.000,-9999.000
84509.500,84510.499,84510.000,-9999.000
84510.500,84511.499,84511.000,-9999.000
84511.500,84512.499,84512.000,-9999.000
84512.500,84513.499,84513.000,-9999.000
84513.500,84514.499,84514.000,-9999.000
84514.500,84515.499,84515.000,-9999.000
84515.500,84516.499,84516.000,-9999.000
84516.500,84517.499,84517.000,-9999.000
84517.500,84518.499,84518.000,-9999.000
84518.500,84519.499,84519.000,-9999.000
84519.500,84520.499,84520.000,-9999.000
84520.500,84521.499,84521.000,-9999.000
84521.500,84522.499,84522.000,-9999.000
84522.500,84523.499,84523.000,-9999.000
84523.500,84524.499,84524.000,-9999.000
84524.500,84525.499,84525.000,-9999.000
84525.500,84526.499,84526.000,-9999.000
84526.500,84527.499,84527.000,-9999.000
84527.500,84528.499,84528.000,-9999.000
84528.500,84529.499,84529.000,-9999.000
84529.500,84530.499,84530.000,-9999.000
84530.500,84531.499,84531.000,-9999.000
84531.500,84532.499,84532.000,-9999.000
84532.500,84533.499,84533.000,-9999.000
84533.500,84534.499,84534.000,-9999.000
84534.500,84535.499,84535.000,-9999.000
84535.500,84536.499,84536.000,-9999.000
84536.500,84537.499,84537.000,-9999.000
84537.500,84538.499,84538.000,-9999.000
84538.500,84539.499,84539.000,-9999.000
84539.500,84540.499,84540.000,-9999.000
84540.500,84541.499,84541.000,-9999.000
84541.500,84542.499,84542.000,-9999.000
84542.500,84543.499,84543.000,-9999.000
84543.500,84544.499,84544.000,-9999.000
84544.500,84545.499,84545.000,-9999.000
84545.500,84546.499,84546.000,-9999.000
84546.500,84547.499,84547.000,-9999.000
84547.500,84548.499,84548.000,-9999.000
84548.500,84549.499,84549.000,-9999.000
84549.500,84550.499,84550.000,-9999.000
84550.500,84551.499,84551.000,-9999.000
84551.500,84552.499,84552.000,-9999.000
84552.500,84553.499,84553.000,-9999.000
84553.500,84554.499,84554.000,-9999.000
84554.500,84555.499,84555.000,-9999.000
84555.500,84556.499,84556.000,-9999.000
84556.500,84557.499,84557.000,-9999.000
84557.500,84558.499,84558.000,-9999.000
84558.500,84559.499,84559.000,-9999.000
84559.500,84560.499,84560.000,-9999.000
84560.500,84561.499,84561.000,-9999.000
84561.500,84562.499,84562.000,-9999.000
84562.500,84563.499,84563.000,-9999.000
84563.500,84564.499,84564.000,-9999.000
84564.500,84565.499,84565.000,-9999.000
84565.500,84566.499,84566.000,-9999.000
84566.500,84567.499,84567.000,-9999.000
84567.500,84568.499,84568.000,-9999.000
84568.500,84569.499,84569.000,-9999.000
84569.500,84570.499,84570.000,-9999.000
84570.500,84571.499,84571.000,-9999.000
84571.500,84572.499,84572.000,-9999.000
84572.500,84573.499,84573.000,-9999.000
84573.500,84574.499,84574.000,-9999.000
84574.500,84575.499,84575.000,-9999.000
84575.500,84576.499,84576.000,-9999.000
84576.500,84577.499,84577.000,-9999.000
84577.500,84578.499,84578.000,-9999.000
84578.500,84579.499,84579.000,-9999.000
84579.500,84580.499,84580.000,-9999.000
84580.500,84581.499,84581.000,-9999.000
84581.500,84582.499,84582.000,-9999.000
84582.500,84583.499,84583.000,-9999.000
84583.500,84584.499,84584.000,-9999.000
84584.500,84585.499,84585.000,-9999.000
84585.500,84586.499,84586.000,-9999.000
84586.500,84587.499,84587.000,-9999.000
84587.500,84588.499,84588.000,-9999.000
84588.500,84589.499,84589.000,-9999.000
84589.500,84590.499,84590.000,-9999.000
84590.500,84591.499,84591.000,-9999.000
84591.500,84592.499,84592.000,-9999.000
84592.500,84593.499,84593.000,-9999.000
84593.500,84594.499,84594.000,-9999.000
84594.500,84595.499,84595.000,-9999.000
84595.500,84596.499,84596.000,-9999.000
84596.500,84597.499,84597.000,-9999.000
84597.500,84598.499,84598.000,-9999.000
84598.500,84599.499,84599.000,-9999.000
84599.500,84600.499,84600.000,-9999.000
84600.500,84601.499,84601.000,-9999.000
84601.500,84602.499,84602.000,-9999.000
84602.500,84603.499,84603.000,-9999.000
84603.500,84604.499,84604.000,-9999.000
84604.500,84605.499,84605.000,-9999.000
84605.500,84606.499,84606.000,-9999.000
84606.500,84607.499,84607.000,-9999.000
84607.500,84608.499,84608.000,-9999.000
84608.500,84609.499,84609.000,-9999.000
84609.500,84610.499,84610.000,-9999.000
84610.500,84611.499,84611.000,-9999.000
84611.500,84612.499,84612.000,-9999.000
84612.500,84613.499,84613.000,-9999.000
84613.500,84614.499,84614.000,-9999.000
84614.500,84615.499,84615.000,-9999.000
84615.500,84616.499,84616.000,-9999.000
84616.500,84617.499,84617.000,-9999.000
84617.500,84618.499,84618.000,-9999.000
84618.500,84619.499,84619.000,-9999.000
84619.500,84620.499,84620.000,-9999.000
84620.500,84621.499,84621.000,-9999.000
84621.500,84622.499,84622.000,-9999.000
84622.500,84623.499,84623.000,-9999.000
84623.500,84624.499,84624.000,-9999.000
84624.500,84625.499,84625.000,-9999.000
84625.500,84626.499,84626.000,-9999.000
84626.500,84627.499,84627.000,-9999.000
84627.500,84628.499,84628.000,-9999.000
84628.500,84629.499,84629.000,-9999.000
84629.500,84630.499,84630.000,-9999.000
84630.500,84631.499,84631.000,-9999.000
84631.500,84632.499,84632.000,-9999.000
84632.500,84633.499,84633.000,-9999.000
84633.500,84634.499,84634.000,-9999.000
84634.500,84635.499,84635.000,-9999.000
84635.500,84636.499,84636.000,-9999.000
84636.500,84637.499,84637.000,-9999.000
84637.500,84638.499,84638.000,-9999.000
84638.500,84639.499,84639.000,-9999.000
84639.500,84640.499,84640.000,-9999.000
84640.500,84641.499,84641.000,-9999.000
84641.500,84642.499,84642.000,-9999.000
84642.500,84643.499,84643.000,-9999.000
84643.500,84644.499,84644.000,-9999.000
84644.500,84645.499,84645.000,-9999.000
84645.500,84646.499,84646.000,-9999.000
84646.500,84647.499,84647.000,-9999.000
84647.500,84648.499,84648.000,-9999.000
84648.500,84649.499,84649.000,-9999.000
84649.500,84650.499,84650.000,-9999.000
84650.500,84651.499,84651.000,-9999.000
84651.500,84652.499,84652.000,-9999.000
84652.500,84653.499,84653.000,-9999.000
84653.500,84654.499,84654.000,-9999.000
84654.500,84655.499,84655.000,-9999.000
84655.500,84656.499,84656.000,-9999.000
84656.500,84657.499,84657.000,-9999.000
84657.500,84658.499,84658.000,-9999.000
84658.500,84659.499,84659.000,-9999.000
84659.500,84660.499,84660.000,-9999.000
84660.500,84661.499,84661.000,-9999.000
84661.500,84662.499,84662.000,-9999.000
84662.500,84663.499,84663.000,-9999.000
84663.500,84664.499,84664.000,-9999.000
84664.500,84665.499,84665.000,-9999.000
84665.500,84666.499,84666.000,-9999.000
84666.500,84667.499,84667.000,-9999.000
84667.500,84668.499,84668.000,-9999.000
84668.500,84669.499,84669.000,-9999.000
84669.500,84670.499,84670.000,-9999.000
84670.500,84671.499,84671.000,-9999.000
84671.500,84672.499,84672.000,-9999.000
84672.500,84673.499,84673.000,-9999.000
84673.500,84674.499,84674.000,-9999.000
84674.500,84675.499,84675.000,-9999.000
84675.500,84676.499,84676.000,-9999.000
84676.500,84677.499,84677.000,-9999.000
84677.500,84678.499,84678.000,-9999.000
84678.500,84679.499,84679.000,-9999.000
84679.500,84680.499,84680.000,-9999.000
84680.500,84681.499,84681.000,-9999.000
84681.500,84682.499,84682.000,-9999.000
84682.500,84683.499,84683.000,-9999.000
84683.500,84684.499,84684.000,-9999.000
84684.500,84685.499,84685.000,-9999.000
84685.500,84686.499,84686.000,-9999.000
84686.500,84687.499,84687.000,-9999.000
84687.500,84688.499,84688.000,-9999.000
84688.500,84689.499,84689.000,-9999.000
84689.500,84690.499,84690.000,-9999.000
84690.500,84691.499,84691.000,-9999.000
84691.500,84692.499,84692.000,-9999.000
84692.500,84693.499,84693.000,-9999.000
84693.500,84694.499,84694.000,-9999.000
84694.500,84695.499,84695.000,-9999.000
84695.500,84696.499,84696.000,-9999.000
84696.500,84697.499,84697.000,-9999.000
84697.500,84698.499,84698.000,-9999.000
84698.500,84699.499,84699.000,-9999.000
84699.500,84700.499,84700.000,-9999.000
84700.500,84701.499,84701.000,-9999.000
84701.500,84702.499,84702.000,-9999.000
84702.500,84703.499,84703.000,-9999.000
84703.500,84704.499,84704.000,-9999.000
84704.500,84705.499,84705.000,-9999.000
84705.500,84706.499,84706.000,-9999.000
84706.500,84707.499,84707.000,-9999.000
84707.500,84708.499,84708.000,-9999.000
84708.500,84709.499,84709.000,-9999.000
84709.500,84710.499,84710.000,-9999.000
84710.500,84711.499,84711.000,-9999.000
84711.500,84712.499,84712.000,-9999.000
84712.500,84713.499,84713.000,-9999.000
84713.500,84714.499,84714.000,-9999.000
84714.500,84715.499,84715.000,-9999.000
84715.500,84716.499,84716.000,-9999.000
84716.500,84717.499,84717.000,-9999.000
84717.500,84718.499,84718.000,-9999.000
84718.500,84719.499,84719.000,-9999.000
84719.500,84720.499,84720.000,-9999.000
84720.500,84721.499,84721.000,-9999.000
84721.500,84722.499,84722.000,-9999.000
84722.500,84723.499,84723.000,-9999.000
84723.500,84724.499,84724.000,-9999.000
84724.500,84725.499,84725.000,-9999.000
84725.500,84726.499,84726.000,-9999.000
84726.500,84727.499,84727.000,-9999.000
84727.500,84728.499,84728.000,-9999.000
84728.500,84729.499,84729.000,-9999.000
84729.500,84730.499,84730.000,-9999.000
84730.500,84731.499,84731.000,-9999.000
84731.500,84732.499,84732.000,-9999.000
84732.500,84733.499,84733.000,-9999.000
84733.500,84734.499,84734.000,-9999.000
84734.500,84735.499,84735.000,-9999.000
84735.500,84736.499,84736.000,-9999.000
84736.500,84737.499,84737.000,-9999.000
84737.500,84738.499,84738.000,-9999.000
84738.500,84739.499,84739.000,-9999.000
84739.500,84740.499,84740.000,-9999.000
84740.500,84741.499,84741.000,-9999.000
84741.500,84742.499,84742.000,-9999.000
84742.500,84743.499,84743.000,-9999.000
84743.500,84744.499,84744.000,-9999.000
84744.500,84745.499,84745.000,-9999.000
84745.500,84746.499,84746.000,-9999.000
84746.500,84747.499,84747.000,-9999.000
84747.500,84748.499,84748.000,-9999.000
84748.500,84749.499,84749.000,-9999.000
84749.500,84750.499,84750.000,-9999.000
84750.500,84751.499,84751.000,-9999.000
84751.500,84752.499,84752.000,-9999.000
84752.500,84753.499,84753.000,-9999.000
84753.500,84754.499,84754.000,-9999.000
84754.500,84755.499,84755.000,-9999.000
84755.500,84756.499,84756.000,-9999.000
84756.500,84757.499,84757.000,-9999.000
84757.500,84758.499,84758.000,-9999.000
84758.500,84759.499,84759.000,-9999.000
84759.500,84760.499,84760.000,-9999.000
84760.500,84761.499,84761.000,-9999.000
84761.500,84762.499,84762.000,-9999.000
84762.500,84763.499,84763.000,-9999.000
84763.500,84764.499,84764.000,-9999.000
84764.500,84765.499,84765.000,-9999.000
84765.500,84766.499,84766.000,-9999.000
84766.500,84767.499,84767.000,-9999.000
84767.500,84768.499,84768.000,-9999.000
84768.500,84769.499,84769.000,-9999.000
84769.500,84770.499,84770.000,-9999.000
84770.500,84771.499,84771.000,-9999.000
84771.500,84772.499,84772.000,-9999.000
84772.500,84773.499,84773.000,-9999.000
84773.500,84774.499,84774.000,-9999.000
84774.500,84775.499,84775.000,-9999.000
84775.500,84776.499,84776.000,-9999.000
84776.500,84777.499,84777.000,-9999.000
84777.500,84778.499,84778.000,-9999.000
84778.500,84779.499,84779.000,-9999.000
84779.500,84780.499,84780.000,-9999.000
84780.500,84781.499,84781.000,-9999.000
84781.500,84782.499,84782.000,-9999.000
84782.500,84783.499,84783.000,-9999.000
84783.500,84784.499,84784.000,-9999.000
84784.500,84785.499,84785.000,-9999.000
84785.500,84786.499,84786.000,-9999.000
84786.500,84787.499,84787.000,-9999.000
84787.500,84788.499,84788.000,-9999.000
84788.500,84789.499,84789.000,-9999.000
84789.500,84790.499,84790.000,-9999.000
84790.500,84791.499,84791.000,-9999.000
84791.500,84792.499,84792.000,-9999.000
84792.500,84793.499,84793.000,-9999.000
84793.500,84794.499,84794.000,-9999.000
84794.500,84795.499,84795.000,-9999.000
