FRAPPE-NONO2O3_C130_20140731_R0.ict
38, 1001
Weinheimer, A.J.; Montzka, D.D.
National Center for Atmospheric Research
C130 in situ NO, NO2, O3
FRAPPE
 1, 1
2014, 07, 31,  2015, 04, 11
0.0
StartTime_UTsec, seconds, Start Time in UT seconds
5
1.0, 1.0, 1.0, 1.0, 1.0
-999999.9, -999999.9, -999999.9, -999999.9, -999999.9
StopTime_UTsec, seconds, Stop Time in UT seconds
MidTime_UTsec, seconds, Midpoint Time in UT seconds
NO_pptv, pptv, Nitric Oxide Mixing Ratio
NO2_pptv, pptv, Nitrogen Dioxide Mixing Ratio
O3_ppbv, ppbv, Ozone Mixing Ratio
0
19
PI_CONTACT_INFO:  wein@ucar.edu, 303-497-1444, NCAR, 1850 Table Mesa Dr., Boulder, CO   80305
PLATFORM:  NSF/NCAR C130 Aircraft
LOCATION:  Latitude, Longitude, and Altitude of the C130 can be obtained from other files
ASSOCIATED_DATA: N/A
INSTRUMENT_INFO: 2-channel chemiluminescence instrument for NO-NO2 & 1-channel instrument for O3, integrated
DATA_INFO:  N/A
UNCERTAINTY:  (20 pptv + 10%) for NO, (40 pptv + 15%) for NO2, (3 ppbv + 5%) for O3
ULOD_FLAG: -7777
ULOD_VALUE: N/A
LLOD_FLAG: -8888
LLOD_VALUE: N/A;
DM_CONTACT_INFO:  N/A
PROJECT_INFO: N/A
STIPULATIONS_ON_USE:  Users are encouraged to contact PI.
OTHER_COMMENTS: N/A
REVISION: R0
R0:  Final data.
RA:  Initial archival, quick-look.  Approximate calibration factors (zeroes, sensitivities, artifact); some hardwired to constants.
StartTime_UTsec, StopTime_UTsec, MidTime_UTsec, NO_pptv, NO2_pptv, O3_ppbv
[from data line 5991]
77690.5, 77691.5, 77691.0, 2.0159e+01, 2.6180e+01, 5.9855e+01
77691.5, 77692.5, 77692.0, 1.5970e+01, 1.7865e+01, 5.9684e+01
77692.5, 77693.5, 77693.0, 2.4217e+01, 1.2449e+01, 5.9685e+01
77693.5, 77694.5, 77694.0, 1.5986e+01, 3.1289e+01, 5.9858e+01
77694.5, 77695.5, 77695.0, 2.3272e+01, 2.3638e+01, 5.9825e+01
77695.5, 77696.5, 77696.0, 1.7634e+01, 1.6031e+01, 5.9961e+01
77696.5, 77697.5, 77697.0, 2.3721e+01, 1.2799e+01, 5.9915e+01
77697.5, 77698.5, 77698.0, 1.4923e+01, 2.8911e+01, 5.9886e+01
77698.5, 77699.5, 77699.0, 2.2649e+01, 2.1367e+01, 5.9966e+01
77699.5, 77700.5, 77700.0, 2.1353e+01, 1.9404e+01, 6.0038e+01
77700.5, 77701.5, 77701.0, 2.3091e+01, 2.3121e+01, 6.0114e+01
77701.5, 77702.5, 77702.0, 2.1502e+01, 1.5909e+01, 5.9906e+01
77702.5, 77703.5, 77703.0, 2.0065e+01, 1.5678e+01, 5.9650e+01
77703.5, 77704.5, 77704.0, 2.5057e+01, 1.7948e+01, 5.9991e+01
77704.5, 77705.5, 77705.0, 2.1735e+01, 1.7848e+01, 5.9684e+01
77705.5, 77706.5, 77706.0, 3.5171e+01, -4.5534e+00, 5.9641e+01
77706.5, 77707.5, 77707.0, 3.0556e+01, 2.8021e+00, 5.9596e+01
77707.5, 77708.5, 77708.0, 2.2546e+01, 2.5224e+01, 5.9859e+01
77708.5, 77709.5, 77709.0, 1.9437e+01, 4.7303e+01, 5.9888e+01
77709.5, 77710.5, 77710.0, 1.5248e+01, 2.6514e+01, 6.0074e+01
77710.5, 77711.5, 77711.0, 1.6560e+01, 2.7185e+01, 5.9718e+01
77711.5, 77712.5, 77712.0, 2.1324e+01, 3.4224e+01, 5.9953e+01
77712.5, 77713.5, 77713.0, 1.9833e+01, 4.7397e+01, 6.0061e+01
77713.5, 77714.5, 77714.0, 1.6128e+01, 2.3195e+01, 5.9891e+01
77714.5, 77715.5, 77715.0, 2.4381e+01, 1.3544e+01, 5.9865e+01
77715.5, 77716.5, 77716.0, 2.1987e+01, 1.9437e+01, 5.9810e+01
77716.5, 77717.5, 77717.0, 1.5426e+01, 2.8438e+01, 5.9790e+01
77717.5, 77718.5, 77718.0, 1.9464e+01, 3.4712e+01, 5.9955e+01
77718.5, 77719.5, 77719.0, 2.8009e+01, 1.0422e+01, 5.9781e+01
77719.5, 77720.5, 77720.0, 2.2805e+01, 2.5754e+01, 5.9592e+01
77720.5, 77721.5, 77721.0, 2.2510e+01, 1.4384e+01, 5.9916e+01
77721.5, 77722.5, 77722.0, 2.3020e+01, 1.2154e+01, 5.9829e+01
77722.5, 77723.5, 77723.0, 2.6429e+01, 1.1451e+01, 6.0098e+01
77723.5, 77724.5, 77724.0, 2.3400e+01, 2.6721e+01, 5.9709e+01
77724.5, 77725.5, 77725.0, 2.1386e+01, 1.9995e+01, 5.9632e+01
77725.5, 77726.5, 77726.0, 4.8324e+01, -8.1881e+00, 5.9722e+01
77726.5, 77727.5, 77727.0, 2.2185e+01, 2.1718e+01, 5.9779e+01
77727.5, 77728.5, 77728.0, 2.2680e+01, 2.2073e+01, 5.9849e+01
77728.5, 77729.5, 77729.0, 2.3497e+01, 1.5093e+01, 6.0076e+01
77729.5, 77730.5, 77730.0, 2.0323e+01, 2.0913e+01, 5.9886e+01
77730.5, 77731.5, 77731.0, 1.5984e+01, 3.5746e+01, 5.9928e+01
77731.5, 77732.5, 77732.0, 1.7219e+01, 2.1690e+01, 6.0032e+01
77732.5, 77733.5, 77733.0, 2.1119e+01, 2.2517e+01, 5.9852e+01
77733.5, 77734.5, 77734.0, 2.3875e+01, 5.5352e+00, 6.0152e+01
77734.5, 77735.5, 77735.0, 2.5165e+01, 2.6675e+01, 5.9514e+01
77735.5, 77736.5, 77736.0, 2.2800e+01, 1.1746e+01, 5.9629e+01
77736.5, 77737.5, 77737.0, 2.3086e+01, 1.5463e+01, 5.9812e+01
77737.5, 77738.5, 77738.0, 2.7990e+01, 2.2182e+01, 5.9997e+01
77738.5, 77739.5, 77739.0, 2.0697e+01, 1.7119e+01, 6.0199e+01
77739.5, 77740.5, 77740.0, 1.7737e+01, 3.9345e+01, 6.0142e+01
77740.5, 77741.5, 77741.0, 2.8706e+01, 1.6942e+01, 6.0263e+01
77741.5, 77742.5, 77742.0, 2.3934e+01, 2.0021e+01, 6.0081e+01
77742.5, 77743.5, 77743.0, 2.1093e+01, 2.6979e+01, 6.0304e+01
77743.5, 77744.5, 77744.0, 2.1714e+01, 2.0306e+01, 5.9980e+01
77744.5, 77745.5, 77745.0, 2.2343e+01, 1.6811e+01, 6.0031e+01
77745.5, 77746.5, 77746.0, 2.2614e+01, 1.6170e+01, 6.0002e+01
77746.5, 77747.5, 77747.0, 2.3247e+01, 2.4089e+01, 5.9719e+01
77747.5, 77748.5, 77748.0, 3.7573e+01, 3.4438e+00, 5.9917e+01
77748.5, 77749.5, 77749.0, 1.6446e+01, 1.3851e+01, 5.9997e+01
77749.5, 77750.5, 77750.0, 1.8458e+01, 2.2103e+01, 6.0206e+01
77750.5, 77751.5, 77751.0, 2.2910e+01, 1.1182e+01, 6.0030e+01
77751.5, 77752.5, 77752.0, 2.2033e+01, 8.3815e+00, 5.9841e+01
77752.5, 77753.5, 77753.0, 2.0662e+01, 2.1107e+01, 6.0147e+01
77753.5, 77754.5, 77754.0, 1.8619e+01, 2.4494e+01, 6.0169e+01
77754.5, 77755.5, 77755.0, 2.0919e+01, 2.1875e+01, 6.0068e+01
77755.5, 77756.5, 77756.0, 1.3404e+01, 2.4876e+01, 6.0084e+01
77756.5, 77757.5, 77757.0, 2.0993e+01, 3.2127e+01, 6.0200e+01
77757.5, 77758.5, 77758.0, 2.6639e+01, 2.0203e+01, 6.0396e+01
77758.5, 77759.5, 77759.0, 1.7395e+01, 2.7019e+01, 6.0158e+01
77759.5, 77760.5, 77760.0, 2.5247e+01, 2.2100e+01, 6.0307e+01
77760.5, 77761.5, 77761.0, 1.9984e+01, 2.4705e+01, 6.0574e+01
77761.5, 77762.5, 77762.0, 2.1057e+01, 8.1438e+00, 6.0918e+01
77762.5, 77763.5, 77763.0, 1.7069e+01, 2.4704e+01, 6.1052e+01
77763.5, 77764.5, 77764.0, 2.2470e+01, 1.7896e+01, 6.1254e+01
77764.5, 77765.5, 77765.0, 2.3077e+01, 1.5103e+01, 6.1212e+01
77765.5, 77766.5, 77766.0, 1.8605e+01, 2.5428e+01, 6.1310e+01
77766.5, 77767.5, 77767.0, 2.2818e+01, 1.2099e+01, 6.1754e+01
77767.5, 77768.5, 77768.0, 2.3363e+01, 2.5523e+01, 6.1707e+01
77768.5, 77769.5, 77769.0, 2.5515e+01, 4.1662e+00, 6.1257e+01
77769.5, 77770.5, 77770.0, 2.5224e+01, 1.4917e+01, 6.1256e+01
77770.5, 77771.5, 77771.0, 2.6307e+01, 2.9466e+00, 6.1082e+01
77771.5, 77772.5, 77772.0, 1.5973e+01, 2.6200e+01, 6.1295e+01
77772.5, 77773.5, 77773.0, 1.6259e+01, 2.5798e+01, 6.1498e+01
77773.5, 77774.5, 77774.0, 1.7408e+01, 1.5491e+01, 6.1457e+01
77774.5, 77775.5, 77775.0, 2.0639e+01, 3.6857e+01, 6.1253e+01
77775.5, 77776.5, 77776.0, 1.6452e+01, 1.5377e+01, 6.1215e+01
77776.5, 77777.5, 77777.0, 1.9330e+01, 2.3248e+01, 6.1219e+01
77777.5, 77778.5, 77778.0, 1.8894e+01, 3.5727e+01, 6.0927e+01
77778.5, 77779.5, 77779.0, 2.0349e+01, 1.8320e+01, 6.1187e+01
77779.5, 77780.5, 77780.0, 5.7135e+01, 1.5214e+02, 6.0861e+01
77780.5, 77781.5, 77781.0, 1.7087e+02, 3.7695e+02, 6.1047e+01
77781.5, 77782.5, 77782.0, 4.0811e+02, 9.3171e+02, 6.0010e+01
77782.5, 77783.5, 77783.0, 7.9879e+02, 1.2255e+03, 6.0434e+01
77783.5, 77784.5, 77784.0, 3.3408e+02, 3.7111e+02, 6.0251e+01
77784.5, 77785.5, 77785.0, 9.4137e+01, 4.5736e+01, 6.0576e+01
77785.5, 77786.5, 77786.0, 2.6434e+01, 3.5788e+01, 6.0227e+01
77786.5, 77787.5, 77787.0, 2.4471e+01, 2.8844e+01, 5.9901e+01
77787.5, 77788.5, 77788.0, 2.1292e+01, 2.1252e+01, 6.0445e+01
77788.5, 77789.5, 77789.0, 1.9340e+01, 2.4071e+01, 6.0878e+01
77789.5, 77790.5, 77790.0, 2.1376e+01, 3.1620e+01, 6.0836e+01
77790.5, 77791.5, 77791.0, 2.6061e+01, 2.0055e+01, 6.0928e+01
77791.5, 77792.5, 77792.0, 2.2175e+01, 2.9344e+01, 6.1590e+01
77792.5, 77793.5, 77793.0, 1.8069e+01, 1.3413e+01, 6.1613e+01
77793.5, 77794.5, 77794.0, 1.9293e+01, 3.4641e+01, 6.1249e+01
77794.5, 77795.5, 77795.0, 1.3231e+01, 2.0707e+01, 6.1543e+01
77795.5, 77796.5, 77796.0, 1.9745e+01, 1.2761e+01, 6.1461e+01
77796.5, 77797.5, 77797.0, 2.1489e+01, 1.4359e+01, 6.1150e+01
77797.5, 77798.5, 77798.0, 1.5351e+01, 2.8745e+01, 6.1212e+01
77798.5, 77799.5, 77799.0, 1.3046e+01, 4.0062e+01, 6.1182e+01
77799.5, 77800.5, 77800.0, 1.6503e+01, 3.1023e+01, 6.1292e+01
77800.5, 77801.5, 77801.0, 1.4992e+01, 1.7134e+01, 6.0857e+01
77801.5, 77802.5, 77802.0, 2.2058e+01, 2.5314e+01, 6.0788e+01
77802.5, 77803.5, 77803.0, 2.0269e+01, 3.6050e+01, 6.0710e+01
77803.5, 77804.5, 77804.0, 2.3665e+01, 6.0675e+00, 6.0827e+01
77804.5, 77805.5, 77805.0, 1.5796e+01, 1.3801e+01, 6.0439e+01
77805.5, 77806.5, 77806.0, 2.5402e+01, -9.1494e+00, 6.0488e+01
77806.5, 77807.5, 77807.0, 1.3285e+01, 2.8947e+01, 6.0590e+01
77807.5, 77808.5, 77808.0, 2.0950e+01, 9.1714e+00, 6.0703e+01
77808.5, 77809.5, 77809.0, 1.8057e+01, 1.3996e+01, 6.0690e+01
77809.5, 77810.5, 77810.0, 1.7055e+01, 3.1271e+01, 6.0511e+01
77810.5, 77811.5, 77811.0, 1.4887e+01, 2.4161e+01, 6.0861e+01
77811.5, 77812.5, 77812.0, 2.2335e+01, 7.6254e+00, 6.0422e+01
77812.5, 77813.5, 77813.0, 1.3177e+01, 2.4569e+01, 6.0863e+01
77813.5, 77814.5, 77814.0, 1.7512e+01, 2.0211e+01, 6.0409e+01
77814.5, 77815.5, 77815.0, 1.6509e+01, 2.5494e+01, 6.0423e+01
77815.5, 77816.5, 77816.0, 1.9039e+01, 1.7642e+01, 5.9914e+01
77816.5, 77817.5, 77817.0, 1.9906e+01, 1.6911e+01, 6.0671e+01
77817.5, 77818.5, 77818.0, 2.1277e+01, 2.3710e+01, 6.0509e+01
77818.5, 77819.5, 77819.0, 2.4612e+01, 1.5466e+01, 5.9741e+01
77819.5, 77820.5, 77820.0, 1.6750e+01, 3.4132e+01, 6.0045e+01
77820.5, 77821.5, 77821.0, 2.4548e+01, 3.2496e+01, 6.0469e+01
77821.5, 77822.5, 77822.0, 2.9538e+01, 6.6034e+01, 6.0087e+01
77822.5, 77823.5, 77823.0, 2.5516e+01, 3.7667e+01, 5.9907e+01
77823.5, 77824.5, 77824.0, 2.3193e+01, 2.0646e+01, 5.9806e+01
77824.5, 77825.5, 77825.0, 1.5700e+01, 3.3406e+01, 6.0307e+01
77825.5, 77826.5, 77826.0, 2.1192e+01, 2.4745e+01, 6.0388e+01
77826.5, 77827.5, 77827.0, 1.0008e+01, 6.4469e+01, 6.0571e+01
77827.5, 77828.5, 77828.0, 1.6651e+01, 1.9999e+01, 6.0744e+01
77828.5, 77829.5, 77829.0, 2.7334e+01, 6.4849e+00, 6.0418e+01
77829.5, 77830.5, 77830.0, 1.6295e+01, 1.2860e+01, 6.0018e+01
77830.5, 77831.5, 77831.0, 1.8824e+01, 2.8048e+01, 6.0172e+01
77831.5, 77832.5, 77832.0, 2.3515e+01, 1.2141e+01, 5.9621e+01
77832.5, 77833.5, 77833.0, 1.6383e+01, 8.5314e+00, 5.9738e+01
77833.5, 77834.5, 77834.0, 2.1727e+01, 1.4813e+00, 5.9569e+01
77834.5, 77835.5, 77835.0, 3.2124e+01, 1.1290e+01, 5.9882e+01
77835.5, 77836.5, 77836.0, 1.5029e+01, 2.5481e+01, 5.9471e+01
77836.5, 77837.5, 77837.0, 1.7057e+01, 2.4209e+01, 6.0029e+01
77837.5, 77838.5, 77838.0, 2.0232e+01, 1.9572e+01, 5.9468e+01
77838.5, 77839.5, 77839.0, 1.7047e+01, 1.9035e+01, 5.9868e+01
77839.5, 77840.5, 77840.0, 1.7293e+01, 2.5441e+01, 5.9852e+01
77840.5, 77841.5, 77841.0, 1.0158e+01, 2.7590e+01, 5.9790e+01
77841.5, 77842.5, 77842.0, 1.7587e+01, 2.1516e+01, 5.9873e+01
77842.5, 77843.5, 77843.0, 1.4701e+01, 1.4587e+01, 5.9902e+01
77843.5, 77844.5, 77844.0, 1.9615e+01, 1.1899e+01, 5.9489e+01
77844.5, 77845.5, 77845.0, 1.7166e+01, 2.9522e+01, 5.9168e+01
77845.5, 77846.5, 77846.0, 1.0815e+01, 3.4211e+01, 5.8970e+01
77846.5, 77847.5, 77847.0, 2.5464e+01, -9.0371e-01, 5.9077e+01
77847.5, 77848.5, 77848.0, 3.0331e+01, -3.1320e+00, 5.8850e+01
77848.5, 77849.5, 77849.0, 1.4597e+01, 2.6430e+01, 5.8514e+01
77849.5, 77850.5, 77850.0, 2.0802e+01, 1.3714e+01, 5.8202e+01
77850.5, 77851.5, 77851.0, 2.1888e+01, 1.9383e+01, 5.8592e+01
77851.5, 77852.5, 77852.0, 1.8646e+01, 1.2368e+01, 5.8248e+01
77852.5, 77853.5, 77853.0, 1.4906e+01, 3.3672e+01, 5.8457e+01
77853.5, 77854.5, 77854.0, 2.2622e+01, -5.3508e-01, 5.8613e+01
77854.5, 77855.5, 77855.0, 1.8446e+01, 2.2896e+01, 5.8780e+01
77855.5, 77856.5, 77856.0, 1.2765e+01, 1.7993e+01, 5.9129e+01
77856.5, 77857.5, 77857.0, 1.6377e+01, 2.1924e+01, 5.9215e+01
77857.5, 77858.5, 77858.0, 1.3344e+01, 2.4243e+01, 5.9824e+01
77858.5, 77859.5, 77859.0, 1.2335e+01, 2.2001e+01, 5.9482e+01
77859.5, 77860.5, 77860.0, 1.4002e+01, 2.1817e+01, 5.9349e+01
77860.5, 77861.5, 77861.0, 1.6527e+01, 1.3263e+01, 5.9689e+01
77861.5, 77862.5, 77862.0, 1.9629e+01, 1.8598e+01, 5.9904e+01
77862.5, 77863.5, 77863.0, 2.2739e+01, 2.2054e+01, 5.9719e+01
77863.5, 77864.5, 77864.0, 1.8419e+01, 1.7834e+01, 5.9843e+01
77864.5, 77865.5, 77865.0, 1.6320e+01, 1.9205e+01, 5.9759e+01
77865.5, 77866.5, 77866.0, 1.8207e+01, 3.2588e+01, 5.9078e+01
77866.5, 77867.5, 77867.0, 2.0361e+01, 2.4767e+01, 5.9088e+01
77867.5, 77868.5, 77868.0, 1.1587e+01, 2.4402e+01, 5.8768e+01
77868.5, 77869.5, 77869.0, 2.0460e+01, 7.7529e+00, 5.8605e+01
77869.5, 77870.5, 77870.0, 1.3745e+01, 2.0460e+01, 5.8732e+01
77870.5, 77871.5, 77871.0, 2.3912e+01, 1.3050e+00, 5.8962e+01
77871.5, 77872.5, 77872.0, 1.6422e+01, 2.1461e+01, 5.8877e+01
77872.5, 77873.5, 77873.0, 1.9099e+01, 1.3767e+01, 5.8625e+01
77873.5, 77874.5, 77874.0, 1.2251e+01, 2.9496e+01, 5.8961e+01
77874.5, 77875.5, 77875.0, 1.3398e+01, 4.7515e+01, 5.8927e+01
77875.5, 77876.5, 77876.0, 1.3410e+01, 1.3797e+01, 5.8701e+01
77876.5, 77877.5, 77877.0, 1.7457e+01, 2.5000e+01, 5.8576e+01
77877.5, 77878.5, 77878.0, 2.1352e+01, 4.4037e+01, 5.8636e+01
77878.5, 77879.5, 77879.0, 1.1334e+01, 3.6439e+01, 5.8365e+01
77879.5, 77880.5, 77880.0, 2.5543e+01, 1.8266e+01, 5.8818e+01
77880.5, 77881.5, 77881.0, 1.9338e+01, 1.1122e+01, 5.8564e+01
77881.5, 77882.5, 77882.0, 2.2955e+01, 1.5171e+01, 5.8988e+01
77882.5, 77883.5, 77883.0, 1.5102e+01, 2.5602e+01, 5.8511e+01
77883.5, 77884.5, 77884.0, 1.3372e+01, 3.2936e+01, 5.8629e+01
77884.5, 77885.5, 77885.0, 1.2730e+01, 3.2310e+01, 5.8558e+01
77885.5, 77886.5, 77886.0, 1.7426e+01, 4.4256e+01, 5.8455e+01
77886.5, 77887.5, 77887.0, 1.4903e+01, 2.6022e+01, 5.8629e+01
77887.5, 77888.5, 77888.0, 2.0236e+01, 1.4628e+01, 5.8959e+01
77888.5, 77889.5, 77889.0, 1.9527e+01, 1.0344e+01, 5.8733e+01
77889.5, 77890.5, 77890.0, 1.8734e+01, 2.0842e+01, 5.8741e+01
77890.5, 77891.5, 77891.0, 1.8377e+01, 1.9111e+01, 5.8579e+01
77891.5, 77892.5, 77892.0, 1.8973e+01, 1.3851e+01, 5.8323e+01
77892.5, 77893.5, 77893.0, 2.3585e+01, 1.9315e+01, 5.8483e+01
77893.5, 77894.5, 77894.0, 2.0835e+01, 2.0058e+01, 5.8564e+01
77894.5, 77895.5, 77895.0, 2.2512e+01, 1.9048e+00, 5.8786e+01
77895.5, 77896.5, 77896.0, 1.4883e+01, 2.2726e+01, 5.8284e+01
77896.5, 77897.5, 77897.0, 1.5021e+01, 3.5093e+01, 5.8299e+01
77897.5, 77898.5, 77898.0, 1.8205e+01, 2.4823e+01, 5.7118e+01
77898.5, 77899.5, 77899.0, 1.4182e+01, 2.9838e+01, 5.7718e+01
77899.5, 77900.5, 77900.0, 1.7135e+01, 2.7265e+01, 5.7607e+01
77900.5, 77901.5, 77901.0, 1.5470e+01, 2.0048e+01, 5.6777e+01
77901.5, 77902.5, 77902.0, 1.7778e+01, 2.2956e+01, 5.6408e+01
77902.5, 77903.5, 77903.0, 1.7285e+01, 1.6964e+01, 5.6487e+01
77903.5, 77904.5, 77904.0, 1.4466e+01, 3.4368e+01, 5.6651e+01
77904.5, 77905.5, 77905.0, 1.4698e+01, 2.7612e+01, 5.6958e+01
77905.5, 77906.5, 77906.0, 2.3200e+01, 2.9555e+01, 5.7024e+01
77906.5, 77907.5, 77907.0, 1.8950e+01, 1.3373e+01, 5.8666e+01
77907.5, 77908.5, 77908.0, 1.8824e+01, 2.3208e+01, 5.9418e+01
77908.5, 77909.5, 77909.0, 1.5212e+01, 2.2920e+01, 5.9504e+01
77909.5, 77910.5, 77910.0, 2.1846e+01, 4.7965e+00, 5.8324e+01
77910.5, 77911.5, 77911.0, 2.0574e+01, 2.2810e+01, 5.7192e+01
77911.5, 77912.5, 77912.0, 2.4310e+01, 3.9843e+00, 5.6813e+01
77912.5, 77913.5, 77913.0, 2.9873e+01, 2.2362e+01, 5.6845e+01
77913.5, 77914.5, 77914.0, 1.8258e+01, 3.0233e+01, 5.6791e+01
77914.5, 77915.5, 77915.0, 1.8987e+01, 2.2306e+01, 5.6927e+01
77915.5, 77916.5, 77916.0, 2.1226e+01, 1.1340e+01, 5.6628e+01
77916.5, 77917.5, 77917.0, 2.3826e+01, 2.6650e+01, 5.6863e+01
77917.5, 77918.5, 77918.0, 1.6696e+01, 2.9971e+01, 5.6784e+01
77918.5, 77919.5, 77919.0, 1.9739e+01, 1.5089e+01, 5.7221e+01
77919.5, 77920.5, 77920.0, 1.5767e+01, 2.3051e+01, 5.7176e+01
77920.5, 77921.5, 77921.0, 1.5782e+01, 2.0706e+01, 5.7096e+01
77921.5, 77922.5, 77922.0, 1.4773e+01, 3.8076e+01, 5.7008e+01
77922.5, 77923.5, 77923.0, 1.9161e+01, 1.6827e+01, 5.7088e+01
77923.5, 77924.5, 77924.0, 2.4140e+01, 1.4276e+01, 5.6878e+01
77924.5, 77925.5, 77925.0, 1.5060e+01, 1.4893e+01, 5.6489e+01
77925.5, 77926.5, 77926.0, 2.2706e+01, 2.1092e+01, 5.6812e+01
77926.5, 77927.5, 77927.0, 1.9683e+01, 2.1298e+01, 5.6802e+01
77927.5, 77928.5, 77928.0, 1.7236e+01, 2.2583e+01, 5.7114e+01
77928.5, 77929.5, 77929.0, 2.2712e+01, 1.4634e+01, 5.6939e+01
77929.5, 77930.5, 77930.0, 2.2579e+01, 1.7889e+01, 5.7631e+01
77930.5, 77931.5, 77931.0, 2.3874e+01, 5.0518e+00, 5.7511e+01
77931.5, 77932.5, 77932.0, 1.3796e+01, 3.2551e+01, 5.7581e+01
77932.5, 77933.5, 77933.0, 1.3212e+01, 2.2546e+01, 5.6896e+01
77933.5, 77934.5, 77934.0, 2.0710e+01, 2.4715e+01, 5.7485e+01
77934.5, 77935.5, 77935.0, 2.1591e+01, 1.4948e+01, 5.7971e+01
77935.5, 77936.5, 77936.0, 2.1584e+01, 1.0837e+01, 5.7602e+01
77936.5, 77937.5, 77937.0, 2.0582e+01, 2.0691e+01, 5.7541e+01
77937.5, 77938.5, 77938.0, 2.0450e+01, 1.2910e+01, 5.7496e+01
77938.5, 77939.5, 77939.0, 2.0515e+01, 3.2416e+01, 5.7764e+01
77939.5, 77940.5, 77940.0, 2.4780e+01, 2.9927e+01, 5.7502e+01
77940.5, 77941.5, 77941.0, 2.2618e+01, 3.1164e+01, 5.7748e+01
77941.5, 77942.5, 77942.0, 2.2269e+01, 1.4642e+01, 5.7522e+01
77942.5, 77943.5, 77943.0, 1.7879e+01, 2.8605e+01, 5.7480e+01
77943.5, 77944.5, 77944.0, 1.9033e+01, 2.3719e+01, 5.7625e+01
77944.5, 77945.5, 77945.0, 2.1560e+01, 2.6562e+01, 5.8117e+01
77945.5, 77946.5, 77946.0, 1.8454e+01, 3.1092e+01, 5.7182e+01
77946.5, 77947.5, 77947.0, 2.4946e+01, 2.5973e+01, 5.7585e+01
