frappe-C2H6_C130_20140731_R1.ict
247,1001
Alan Fried, Petter Weibring, Dirk Richter and James Walega
The University of Colorado at Boulder - INSTAAR
Ethane on the NCAR C130 Employing the Compact Atmospheric Multi-species Spectrometer (CAMS) During FRAPPE
FRAPPE
1, 1
2014, 07, 31, 2015, 2, 2
0
C2H6_Start_SOD_UTC, secondsUTC, seconds since 00:00:00 UTC
8
1, 1, 1, 1, 1, 1, 1,1
-9999,-9999,-9999,-9999,-9999,-9999,-9999,-9999
C2H6_Stop_SOD_UTC, secondsUTC, seconds since 00:00:00 UTC
C2H6_Mid_SOD_UTC, secondsUTC, seconds since 00:00:00 UTC
C2H6_pptv, pptv, 1 second data or a longer averaging period as mixing ratio by volume
C2H6_sdev, pptv, 1 second standard deviation reported as fit precisions or standard deviation over averaging time period as mixing ratio by volume
C2H6_cnt, cnt, number of measurements in averaging period
C2H6_LOD_pptv, pptv, Limit of Detection
C2H6_SMU_pptv, pptv, Systematic Measurement Uncertainty
C2H6_TMU_pptv, pptv, Total Measurement Uncertainty
204

*****************  FRAPPE Experiment Colorado Deployment  *****************



Deployment:             July 2014 - August 2014

Aircraft:              The NCAR C130 Aircraft


*****************   USE OF THIS DATA REQUIRES   *****************


USERS OF THIS DATA ARE STRONGLY ENCOURAGED TO CONTACT THE EXPERIMENTERS,
AND ANY PRESENTATION OR PUBLICATION OF THE DATA CONTAINED IN THIS FILE
SHOULD ACKNOWLEDGE THE "UNIVERSITY OF COLORADO - INSTAAR"


*****************        Data Availability *****************

		RF01	20140726
		RF02	20140727
		RF03	20140728
		RF04	20140729
		RF05	20140731
		RF06	20140802
		RF07	20140803
		RF08	20140806
		RF09	20140807
		RF10	20140808
		RF11	20140811
		RF12	20140812
		RF13	20140815
		RF14	20140816
		RF15	20140818
    


*****************   Data Reported In This File  *****************

C2H6_Start_SOD_UTC   - Start time of averaging period (seconds since 00:00:00 UTC)
C2H6_Stop_SOD_UTC    - Stop  time of averaging period (seconds since 00:00:00 UTC)
C2H6_Mid_SOD_UTC     - Mid   time of averaging period (seconds since 00:00:00 UTC)
C2H6_pptv            - C2H6 mixing ratio              (pptv)
C2H6_sdev            - Standard deviation of measurements of C2H6 mixing ratio in averaging period, for 1 sec data this is the fit precision (pptv)
C2H6_cnt             - number of measurements in averaging period
C2H6_LOD_pptv        - 1 Sigma Limit of Detection                        (pptv)
C2H6_SMU_pptv        - 1 Sigma Systematic Measurement Uncertainty        (pptv)
C2H6_TMU_pptv        - 1 Sigma Total Measurement Uncertainty             (pptv)


*****************      Principal Investigator   *****************


                       Alan Fried
                       University of Colorado - INSTAAR
             mail:     1560 30th ST, 450 UCB, Boulder CO 80309
             shipping: 1560 30th ST, 450 UCB, Boulder CO 80309
             phone:    303-492-7559
             fax:      303-492-6388
             email:    alan.fried@colorado.edu

********************************************************************************

***  Difference Frequency Generation (DFG): Data Acquisition Frequency & Data Reduction

A room temperature tunable IR laser source based upon difference frequency
generation using two different laser pairs mixed in a non-linear crystal
[...]
employ these fit precisions in our uncertainty estimates in the present data sets.
Future use of these fit precisions must first await a more comprehensive study of the relationship
between fit and replicate precision estimates as a function of the ambient levels, including ambient
methanol levels. 

The overall total uncertainty was then derived by quadrature addition of
the systematic term with the LOD, both at the 1 sigma levels.
*****************************************************************************************************************************************

21

PI_CONTACT_INFO: Address: University of Colorado - INSTAAR, 1560 30th ST, 450 UCB, Boulder, CO 80309; email: alan.fried@colorado.edu; 303-492-7559
PLATFORM: NCAR C130 Aircraft
LOCATION: Latitude, longitude and elevation data are included in the data records.
ASSOCIATED_DATA: N/A
INSTRUMENT_INFO: CAMS
DATA_INFO: See Text
UNCERTAINTY: See Text
ULOD_FLAG: -77777777
ULOD_VALUE: N/A
LLOD_FLAG: -88888888
LLOD_VALUE: N/A
DM_CONTACT_INFO: N/A
PROJECT_INFO: FRAPPE
OTHER_COMMENTS: N/A
STIPULATIONS_ON_USE: USERS OF THIS DATA ARE STRONGLY ENCOURAGED TO CONTACT THE EXPERIMENTERS, AND ANY PRESENTATION OR PUBLICATION OF THE DATA CONTAINED IN THIS FILE SHOULD ACKNOWLEDGE THE "UNIVERSITY OF COLORADO - INSTAAR"
REVISION: R1
R0: time adjustment HAS NOT BEEN DONE, MeOH correction has been made
R1: New calibration for MeOH Standard so interferance adjusted, Fit precisions inadvertantly omitted in previous version are now included

C2H6_Start_SOD_UTC, C2H6_Stop_SOD_UTC, C2H6_Mid_SOD_UTC, C2H6_pptv, C2H6_sdev, C2H6_cnt, C2H6_LOD_pptv, C2H6_SMU_pptv, C2H6_TMU_pptv
[from data line 6336]
79806,79807,79806.50,4717,23,1,21,142,143
79807,79808,79807.50,4653,24,1,21,140,141
79808,79809,79808.50,4626,21,1,21,139,140
79809,79810,79809.50,4659,23,1,21,140,141
79810,79811,79810.50,4748,23,1,21,142,144
79811,79812,79811.50,4777,24,1,21,143,145
79812,79813,79812.50,4737,25,1,21,142,144
79813,79814,79813.50,4649,26,1,21,139,141
79814,79815,79814.50,4367,23,1,21,131,133
79815,79816,79815.50,4121,27,1,21,124,125
79816,79817,79816.50,4392,29,1,21,132,133
79817,79818,79817.50,4796,25,1,21,144,145
79818,79819,79818.50,4757,25,1,21,143,144
79819,79820,79819.50,4610,20,1,21,138,140
79820,79821,79820.50,4758,22,1,21,143,144
79821,79822,79821.50,4824,24,1,21,145,146
79822,79823,79822.50,4535,20,1,21,136,138
79823,79824,79823.50,4281,24,1,21,128,130
79824,79825,79824.50,4245,23,1,21,127,129
79825,79826,79825.50,4234,22,1,21,127,129
79826,79827,79826.50,4373,20,1,21,131,133
79827,79828,79827.50,4493,22,1,21,135,136
79828,79829,79828.50,4407,20,1,21,132,134
79829,79830,79829.50,3904,20,1,21,117,119
79830,79831,79830.50,3456,19,1,21,104,106
79831,79832,79831.50,3348,15,1,21,100,103
79832,79833,79832.50,3600,17,1,21,108,110
79833,79834,79833.50,3797,17,1,21,114,116
79834,79835,79834.50,3702,18,1,21,111,113
79835,79836,79835.50,3591,18,1,21,108,110
79836,79837,79836.50,3346,17,1,21,100,103
79837,79838,79837.50,3190,16,1,21,96,98
79838,79839,79838.50,3423,17,1,21,103,105
79839,79840,79839.50,3719,18,1,21,112,114
79840,79841,79840.50,4117,21,1,21,124,125
79841,79842,79841.50,4356,23,1,21,131,132
79842,79843,79842.50,4017,18,1,21,121,122
79843,79844,79843.50,3715,22,1,21,111,113
79844,79845,79844.50,3485,19,1,21,105,107
79845,79846,79845.50,3005,15,1,21,90,93
79846,79847,79846.50,2668,16,1,21,80,83
79847,79848,79847.50,2687,15,1,21,81,83
79848,79849,79848.50,2969,17,1,21,89,92
79849,79850,79849.50,3399,18,1,21,102,104
79850,79851,79850.50,3660,26,1,21,110,112
79851,79852,79851.50,3840,22,1,21,115,117
79852,79853,79852.50,3773,21,1,21,113,115
79853,79854,79853.50,3584,19,1,21,108,110
79854,79855,79854.50,3398,16,1,21,102,104
79855,79856,79855.50,3413,20,1,21,102,105
79856,79857,79856.50,3572,21,1,21,107,109
79857,79858,79857.50,3774,21,1,21,113,115
79858,79859,79858.50,3801,22,1,21,114,116
79859,79860,79859.50,3656,18,1,21,110,112
79860,79861,79860.50,3549,21,1,21,106,109
79861,79862,79861.50,3529,16,1,21,106,108
79862,79863,79862.50,3139,16,1,21,94,96
79863,79864,79863.50,2810,13,1,21,84,87
79864,79865,79864.50,3165,17,1,21,95,97
79865,79866,79865.50,3394,19,1,21,102,104
79866,79867,79866.50,3423,15,1,21,103,105
79867,79868,79867.50,3405,19,1,21,102,104
79868,79869,79868.50,3406,16,1,21,102,104
79869,79870,79869.50,3382,16,1,21,101,104
79870,79871,79870.50,3430,17,1,21,103,105
79871,79872,79871.50,3446,18,1,21,103,105
79872,79873,79872.50,3437,18,1,21,103,105
79873,79874,79873.50,3384,18,1,21,102,104
79874,79875,79874.50,3334,17,1,21,100,102
79875,79876,79875.50,3090,17,1,21,93,95
79876,79877,79876.50,2872,17,1,21,86,89
79877,79878,79877.50,2765,16,1,21,83,86
79878,79879,79878.50,3112,14,1,21,93,96
79879,79880,79879.50,3394,18,1,21,102,104
79880,79881,79880.50,3391,16,1,21,102,104
79881,79882,79881.50,3309,16,1,21,99,101
79882,79883,79882.50,3366,19,1,21,101,103
79883,79884,79883.50,3469,14,1,21,104,106
79884,79885,79884.50,3467,15,1,21,104,106
79885,79886,79885.50,3488,21,1,21,105,107
79886,79887,79886.50,3489,16,1,21,105,107
79887,79888,79887.50,3465,18,1,21,104,106
79888,79889,79888.50,3515,18,1,21,105,108
79889,79890,79889.50,3480,19,1,21,104,106
79890,79891,79890.50,3466,19,1,21,104,106
79891,79892,79891.50,3527,16,1,21,106,108
79892,79893,79892.50,3563,15,1,21,107,109
79893,79894,79893.50,3682,15,1,21,110,112
79894,79895,79894.50,3700,14,1,21,111,113
79895,79896,79895.50,3748,16,1,21,112,114
79896,79897,79896.50,3848,15,1,21,115,117
79897,79898,79897.50,3990,18,1,21,120,122
79898,79899,79898.50,4214,15,1,21,126,128
79899,79900,79899.50,4305,15,1,21,129,131
79900,79901,79900.50,4391,19,1,21,132,133
79901,79902,79901.50,4508,17,1,21,135,137
79902,79903,79902.50,4489,15,1,21,135,136
79903,79904,79903.50,4364,15,1,21,131,133
79904,79905,79904.50,3943,16,1,21,118,120
79905,79906,79905.50,3606,18,1,21,108,110
79906,79907,79906.50,3573,15,1,21,107,109
79907,79908,79907.50,3454,17,1,21,104,106
79908,79909,79908.50,3260,15,1,21,98,100
79909,79910,79909.50,3149,15,1,21,94,97
79910,79911,79910.50,3066,16,1,21,92,94
79911,79912,79911.50,3089,14,1,21,93,95
79912,79913,79912.50,3324,14,1,21,100,102
79913,79914,79913.50,3498,12,1,21,105,107
79914,79915,79914.50,3351,13,1,21,101,103
79915,79916,79915.50,3013,16,1,21,90,93
79916,79917,79916.50,2788,13,1,21,84,86
79917,79918,79917.50,2677,13,1,21,80,83
79918,79919,79918.50,2627,16,1,21,79,82
79919,79920,79919.50,2596,16,1,21,78,81
79920,79921,79920.50,2555,15,1,21,77,79
79921,79922,79921.50,2539,18,1,21,76,79
79922,79923,79922.50,2376,15,1,21,71,74
79923,79924,79923.50,2345,16,1,21,70,73
79924,79925,79924.50,2355,16,1,21,71,74
79925,79926,79925.50,2455,16,1,21,74,77
79926,79927,79926.50,2420,14,1,21,73,76
79927,79928,79927.50,2418,17,1,21,73,76
79928,79929,79928.50,2420,15,1,21,73,76
79929,79930,79929.50,2470,16,1,21,74,77
79930,79931,79930.50,2494,15,1,21,75,78
79931,79932,79931.50,2507,17,1,21,75,78
79932,79933,79932.50,2511,16,1,21,75,78
79933,79934,79933.50,2692,16,1,21,81,83
79934,79935,79934.50,2852,15,1,21,86,88
79935,79936,79935.50,2946,13,1,21,88,91
79936,79937,79936.50,2890,11,1,21,87,89
79937,79938,79937.50,2883,11,1,21,86,89
79938,79939,79938.50,2880,15,1,21,86,89
79939,79940,79939.50,2879,14,1,21,86,89
79940,79941,79940.50,2809,14,1,21,84,87
79941,79942,79941.50,2889,18,1,21,87,89
79942,79943,79942.50,2914,17,1,21,87,90
79943,79944,79943.50,2911,13,1,21,87,90
79944,79945,79944.50,2806,14,1,21,84,87
79945,79946,79945.50,2785,15,1,21,84,86
79946,79947,79946.50,2894,15,1,21,87,89
79947,79948,79947.50,2932,15,1,21,88,90
79948,79949,79948.50,2870,15,1,21,86,89
79949,79950,79949.50,2765,14,1,21,83,86
79950,79951,79950.50,2763,12,1,21,83,86
79951,79952,79951.50,2693,16,1,21,81,83
79952,79953,79952.50,2648,14,1,21,79,82
79953,79954,79953.50,2584,19,1,21,78,80
79954,79955,79954.50,2588,14,1,21,78,80
79955,79956,79955.50,2588,18,1,21,78,80
79956,79957,79956.50,2508,17,1,21,75,78
79957,79958,79957.50,2444,15,1,21,73,76
79958,79959,79958.50,2261,17,1,21,68,71
79959,79960,79959.50,2074,19,1,21,62,66
79960,79961,79960.50,2173,17,1,21,65,68
79961,79962,79961.50,2350,18,1,21,70,74
79962,79963,79962.50,2439,16,1,21,73,76
79963,79964,79963.50,2710,14,1,21,81,84
79964,79965,79964.50,3050,14,1,21,92,94
79965,79966,79965.50,3184,15,1,21,96,98
79966,79967,79966.50,3391,15,1,21,102,104
79967,79968,79967.50,3569,14,1,21,107,109
79968,79969,79968.50,3662,15,1,21,110,112
79969,79970,79969.50,3663,17,1,21,110,112
79970,79971,79970.50,3702,19,1,21,111,113
79971,79972,79971.50,3647,15,1,21,109,111
79972,79973,79972.50,3558,16,1,21,107,109
79973,79974,79973.50,3589,19,1,21,108,110
79974,79975,79974.50,3468,14,1,21,104,106
79975,79976,79975.50,2981,16,1,21,89,92
79976,79977,79976.50,2622,15,1,21,79,81
79977,79978,79977.50,2728,15,1,21,82,84
79978,79979,79978.50,3024,16,1,21,91,93
79979,79980,79979.50,3108,15,1,21,93,96
79980,79981,79980.50,3079,15,1,21,92,95
79981,79982,79981.50,3047,15,1,21,91,94
79982,79983,79982.50,3076,15,1,21,92,95
79983,79984,79983.50,3547,12,1,21,106,108
79984,79985,79984.50,4269,19,1,21,128,130
79985,79986,79985.50,4786,19,1,21,144,145
79986,79987,79986.50,4992,16,1,21,150,151
79987,79988,79987.50,4720,15,1,21,142,143
79988,79989,79988.50,4580,16,1,21,137,139
79989,79990,79989.50,4519,16,1,21,136,137
79990,79991,79990.50,4197,14,1,21,126,128
79991,79992,79991.50,3616,12,1,21,108,110
79992,79993,79992.50,3058,15,1,21,92,94
79993,79994,79993.50,2791,18,1,21,84,86
79994,79995,79994.50,2781,19,1,21,83,86
79995,79996,79995.50,2787,18,1,21,84,86
79996,79997,79996.50,2997,16,1,21,90,92
79997,79998,79997.50,3339,17,1,21,100,102
79998,79999,79998.50,3216,15,1,21,96,99
79999,80000,79999.50,2894,17,1,21,87,89
80000,80001,80000.50,2587,21,1,21,78,80
80001,80002,80001.50,2171,23,1,21,65,68
80002,80003,80002.50,1917,24,1,21,58,61
80003,80004,80003.50,1942,28,1,21,58,62
80004,80005,80004.50,1940,27,1,21,58,62
80005,80006,80005.50,2008,26,1,21,60,64
80006,80007,80006.50,1809,26,1,21,54,58
80007,80008,80007.50,1514,32,1,21,45,50
80008,80009,80008.50,1356,33,1,21,41,46
80009,80010,80009.50,1502,32,1,21,45,50
80010,80011,80010.50,1718,25,1,21,52,56
80011,80012,80011.50,1722,28,1,21,52,56
80012,80013,80012.50,1643,26,1,21,49,54
80013,80014,80013.50,1600,27,1,21,48,52
80014,80015,80014.50,2188,23,1,21,66,69
80015,80016,80015.50,2808,17,1,21,84,87
80016,80017,80016.50,3191,15,1,21,96,98
80017,80018,80017.50,3252,15,1,21,98,100
80018,80019,80018.50,3238,17,1,21,97,99
80019,80020,80019.50,3193,17,1,21,96,98
80020,80021,80020.50,3276,19,1,21,98,100
80021,80022,80021.50,3416,14,1,21,102,105
80022,80023,80022.50,3955,15,1,21,119,120
80023,80024,80023.50,4277,17,1,21,128,130
80024,80025,80024.50,4364,15,1,21,131,133
80025,80026,80025.50,4272,15,1,21,128,130
80026,80027,80026.50,4239,15,1,21,127,129
80027,80028,80027.50,4166,14,1,21,125,127
80028,80029,80028.50,4216,16,1,21,126,128
80029,80030,80029.50,3993,12,1,21,120,122
80030,80031,80030.50,3979,14,1,21,119,121
80031,80032,80031.50,4358,15,1,21,131,132
80032,80033,80032.50,4640,16,1,21,139,141
80033,80034,80033.50,4615,18,1,21,138,140
80034,80035,80034.50,4496,20,1,21,135,137
80035,80036,80035.50,4602,19,1,21,138,140
80036,80037,80036.50,5001,18,1,21,150,151
80037,80038,80037.50,5146,18,1,21,154,156
80038,80039,80038.50,4958,18,1,21,149,150
80039,80040,80039.50,4675,17,1,21,140,142
80040,80041,80040.50,4382,17,1,21,131,133
80041,80042,80041.50,4322,20,1,21,130,131
80042,80043,80042.50,4353,17,1,21,131,132
80043,80044,80043.50,4391,17,1,21,132,133
80044,80045,80044.50,4357,15,1,21,131,132
80045,80046,80045.50,4314,17,1,21,129,131
80046,80047,80046.50,4281,18,1,21,128,130
80047,80048,80047.50,4234,18,1,21,127,129
80048,80049,80048.50,4233,17,1,21,127,129
80049,80050,80049.50,4248,15,1,21,127,129
80050,80051,80050.50,4184,16,1,21,126,127
80051,80052,80051.50,3948,18,1,21,118,120
80052,80053,80052.50,3707,16,1,21,111,113
80053,80054,80053.50,3529,14,1,21,106,108
80054,80055,80054.50,3733,16,1,21,112,114
80055,80056,80055.50,3837,20,1,21,115,117
80056,80057,80056.50,3745,17,1,21,112,114
80057,80058,80057.50,3564,15,1,21,107,109
80058,80059,80058.50,3405,12,1,21,102,104
80059,80060,80059.50,3743,15,1,21,112,114
80098,80099,80098.50,6242,21,1,21,187,188
80099,80100,80099.50,7258,22,1,21,218,219
80100,80101,80100.50,7786,24,1,21,234,235
80101,80102,80101.50,8017,23,1,21,241,241
80102,80103,80102.50,8180,26,1,21,245,246
80103,80104,80103.50,7775,24,1,21,233,234
80104,80105,80104.50,6976,19,1,21,209,210
80105,80106,80105.50,6175,23,1,21,185,186
80106,80107,80106.50,5787,18,1,21,174,175
80107,80108,80107.50,5947,32,1,21,178,180
80108,80109,80108.50,6065,19,1,21,182,183
80109,80110,80109.50,6020,29,1,21,181,182
80110,80111,80110.50,6043,31,1,21,181,183
80111,80112,80111.50,6023,30,1,21,181,182
80112,80113,80112.50,5832,24,1,21,175,176
80113,80114,80113.50,5195,28,1,21,156,157
80114,80115,80114.50,4408,25,1,21,132,134
80115,80116,80115.50,3876,29,1,21,116,118
80116,80117,80116.50,3449,22,1,21,103,106
80117,80118,80117.50,3122,16,1,21,94,96
80118,80119,80118.50,3029,17,1,21,91,93
80119,80120,80119.50,3277,18,1,21,98,101
80120,80121,80120.50,3603,21,1,21,108,110
80121,80122,80121.50,3863,27,1,21,116,118
80122,80123,80122.50,3820,20,1,21,115,117
80123,80124,80123.50,3536,23,1,21,106,108
80124,80125,80124.50,3443,24,1,21,103,105
80125,80126,80125.50,3402,26,1,21,102,104
80126,80127,80126.50,3473,24,1,21,104,106
80127,80128,80127.50,3498,26,1,21,105,107
80128,80129,80128.50,3457,25,1,21,104,106
80129,80130,80129.50,3437,26,1,21,103,105
80130,80131,80130.50,3346,25,1,21,100,103
80131,80132,80131.50,3313,22,1,21,99,102
80132,80133,80132.50,3350,18,1,21,100,103
80133,80134,80133.50,3564,20,1,21,107,109
80134,80135,80134.50,3857,22,1,21,116,118
80135,80136,80135.50,3905,24,1,21,117,119
80136,80137,80136.50,3815,22,1,21,114,116
80137,80138,80137.50,3535,28,1,21,106,108
80138,80139,80138.50,3303,22,1,21,99,101
80139,80140,80139.50,3210,22,1,21,96,99
80140,80141,80140.50,3252,24,1,21,98,100
80141,80142,80141.50,3324,22,1,21,100,102
80142,80143,80142.50,3306,23,1,21,99,101
80143,80144,80143.50,3281,21,1,21,98,101
80144,80145,80144.50,3299,21,1,21,99,101
80145,80146,80145.50,3282,24,1,21,98,101
80146,80147,80146.50,3307,25,1,21,99,101
80147,80148,80147.50,3351,24,1,21,101,103
80148,80149,80148.50,3369,26,1,21,101,103
80149,80150,80149.50,3373,29,1,21,101,103
80150,80151,80150.50,3300,25,1,21,99,101
80151,80152,80151.50,3294,27,1,21,99,101
80152,80153,80152.50,3225,26,1,21,97,99
80153,80154,80153.50,3150,21,1,21,94,97
80154,80155,80154.50,3143,19,1,21,94,97
80155,80156,80155.50,3225,22,1,21,97,99
80156,80157,80156.50,3327,22,1,21,100,102
80157,80158,80157.50,3361,23,1,21,101,103
80158,80159,80158.50,3311,22,1,21,99,102
80159,80160,80159.50,3296,29,1,21,99,101
80160,80161,80160.50,3257,24,1,21,98,100
80161,80162,80161.50,3280,28,1,21,98,101
80162,80163,80162.50,3639,28,1,21,109,111
80163,80164,80163.50,4053,28,1,21,122,123
80164,80165,80164.50,3725,25,1,21,112,114
80165,80166,80165.50,3303,22,1,21,99,101
80166,80167,80166.50,3080,15,1,21,92,95
80167,80168,80167.50,2936,17,1,21,88,91
80168,80169,80168.50,2830,16,1,21,85,87
80169,80170,80169.50,2831,16,1,21,85,87
80170,80171,80170.50,2891,18,1,21,87,89
80171,80172,80171.50,2905,17,1,21,87,90
80172,80173,80172.50,2799,17,1,21,84,87
80173,80174,80173.50,2823,16,1,21,85,87
80174,80175,80174.50,2859,19,1,21,86,88
80175,80176,80175.50,3030,19,1,21,91,93
80176,80177,80176.50,3258,20,1,21,98,100
80177,80178,80177.50,3319,22,1,21,100,102
80178,80179,80178.50,3176,20,1,21,95,98
80179,80180,80179.50,3024,18,1,21,91,93
80180,80181,80180.50,2920,17,1,21,88,90
80181,80182,80181.50,2763,19,1,21,83,86
80182,80183,80182.50,2739,16,1,21,82,85
80183,80184,80183.50,2666,16,1,21,80,83
80184,80185,80184.50,2660,14,1,21,80,83
80185,80186,80185.50,2703,16,1,21,81,84
80186,80187,80186.50,2833,18,1,21,85,88
80187,80188,80187.50,3019,25,1,21,91,93
80188,80189,80188.50,3140,22,1,21,94,97
80189,80190,80189.50,3162,19,1,21,95,97
80190,80191,80190.50,3124,23,1,21,94,96
80191,80192,80191.50,3202,26,1,21,96,98
80192,80193,80192.50,3060,25,1,21,92,94
80193,80194,80193.50,2789,21,1,21,84,86
80194,80195,80194.50,2543,19,1,21,76,79
80195,80196,80195.50,2438,19,1,21,73,76
80196,80197,80196.50,2381,17,1,21,71,74
80197,80198,80197.50,2262,16,1,21,68,71
80198,80199,80198.50,2268,17,1,21,68,71
80199,80200,80199.50,2238,15,1,21,67,70
80200,80201,80200.50,2304,16,1,21,69,72
80201,80202,80201.50,2329,18,1,21,70,73
80202,80203,80202.50,2433,21,1,21,73,76
80203,80204,80203.50,2464,18,1,21,74,77
80204,80205,80204.50,2512,21,1,21,75,78
80205,80206,80205.50,2522,17,1,21,76,79
80206,80207,80206.50,2521,17,1,21,76,78
80207,80208,80207.50,2453,16,1,21,74,77
80208,80209,80208.50,2382,18,1,21,71,74
80209,80210,80209.50,2254,16,1,21,68,71
80210,80211,80210.50,2155,14,1,21,65,68
80211,80212,80211.50,2189,14,1,21,66,69
80212,80213,80212.50,2184,13,1,21,66,69
80213,80214,80213.50,2266,12,1,21,68,71
80214,80215,80214.50,2328,15,1,21,70,73
80215,80216,80215.50,2389,12,1,21,72,75
80216,80217,80216.50,2368,15,1,21,71,74
80217,80218,80217.50,2409,15,1,21,72,75
80218,80219,80218.50,2400,13,1,21,72,75
80219,80220,80219.50,2423,11,1,21,73,76
80220,80221,80220.50,2465,15,1,21,74,77
80221,80222,80221.50,2428,13,1,21,73,76
80222,80223,80222.50,2356,13,1,21,71,74
80223,80224,80223.50,2357,13,1,21,71,74
80224,80225,80224.50,2393,15,1,21,72,75
80225,80226,80225.50,2406,13,1,21,72,75
80226,80227,80226.50,2297,16,1,21,69,72
80227,80228,80227.50,2275,13,1,21,68,71
80228,80229,80228.50,2105,14,1,21,63,67
80229,80230,80229.50,2068,12,1,21,62,65
80230,80231,80230.50,1937,15,1,21,58,62
80231,80232,80231.50,1895,15,1,21,57,61
