FRAPPE-NONO2O3_C130_20140731_R0.ict
38, 1001
Weinheimer, A.J.; Montzka, D.D.
National Center for Atmospheric Research
C130 in situ NO, NO2, O3
FRAPPE
 1, 1
2014, 07, 31,  2015, 04, 11
0.0
StartTime_UTsec, seconds, Start Time in UT seconds
5
1.0, 1.0, 1.0, 1.0, 1.0
-999999.9, -999999.9, -999999.9, -999999.9, -999999.9
StopTime_UTsec, seconds, Stop Time in UT seconds
MidTime_UTsec, seconds, Midpoint Time in UT seconds
NO_pptv, pptv, Nitric Oxide Mixing Ratio
NO2_pptv, pptv, Nitrogen Dioxide Mixing Ratio
O3_ppbv, ppbv, Ozone Mixing Ratio
0
19
PI_CONTACT_INFO:  wein@ucar.edu, 303-497-1444, NCAR, 1850 Table Mesa Dr., Boulder, CO   80305
PLATFORM:  NSF/NCAR C130 Aircraft
LOCATION:  Latitude, Longitude, and Altitude of the C130 can be obtained from other files
ASSOCIATED_DATA: N/A
INSTRUMENT_INFO: 2-channel chemiluminescence instrument for NO-NO2 & 1-channel instrument for O3, integrated
DATA_INFO:  N/A
UNCERTAINTY:  (20 pptv + 10%) for NO, (40 pptv + 15%) for NO2, (3 ppbv + 5%) for O3
ULOD_FLAG: -7777
ULOD_VALUE: N/A
LLOD_FLAG: -8888
LLOD_VALUE: N/A;
DM_CONTACT_INFO:  N/A
PROJECT_INFO: N/A
STIPULATIONS_ON_USE:  Users are encouraged to contact PI.
OTHER_COMMENTS: N/A
REVISION: R0
R0:  Final data.
RA:  Initial archival, quick-look.  Approximate calibration factors (zeroes, sensitivities, artifact); some hardwired to constants.
StartTime_UTsec, StopTime_UTsec, MidTime_UTsec, NO_pptv, NO2_pptv, O3_ppbv
[from data line 794]
72493.5, 72494.5, 72494.0, 3.1926e+01, 1.5335e+02, 5.5219e+01
72494.5, 72495.5, 72495.0, 3.1542e+01, 1.4910e+02, 5.5058e+01
72495.5, 72496.5, 72496.0, 2.8374e+01, 1.6102e+02, 5.5564e+01
72496.5, 72497.5, 72497.0, 3.0804e+01, 1.4884e+02, 5.5095e+01
72497.5, 72498.5, 72498.0, 2.9618e+01, 1.6166e+02, 5.4596e+01
72498.5, 72499.5, 72499.0, 3.9167e+01, 1.7757e+02, 5.4618e+01
72499.5, 72500.5, 72500.0, 3.9619e+01, 1.8235e+02, 5.4972e+01
72500.5, 72501.5, 72501.0, 3.1157e+01, 1.6199e+02, 5.4952e+01
72501.5, 72502.5, 72502.0, 4.5004e+01, 1.4785e+02, 5.4649e+01
72502.5, 72503.5, 72503.0, 4.6967e+01, 1.4499e+02, 5.4994e+01
72503.5, 72504.5, 72504.0, 4.9293e+01, 1.3922e+02, 5.5108e+01
72504.5, 72505.5, 72505.0, 5.3974e+01, 1.0923e+02, 5.5270e+01
72505.5, 72506.5, 72506.0, 5.0854e+01, 1.2363e+02, 5.5348e+01
72506.5, 72507.5, 72507.0, 5.1287e+01, 1.2252e+02, 5.5478e+01
72507.5, 72508.5, 72508.0, 4.7894e+01, 1.3294e+02, 5.5294e+01
72508.5, 72509.5, 72509.0, 4.5709e+01, 1.5872e+02, 5.4712e+01
72509.5, 72510.5, 72510.0, 5.1971e+01, 1.5870e+02, 5.4877e+01
72510.5, 72511.5, 72511.0, 4.9213e+01, 1.3073e+02, 5.5474e+01
72511.5, 72512.5, 72512.0, 3.6591e+01, 1.2886e+02, 5.5098e+01
72512.5, 72513.5, 72513.0, 2.7377e+01, 1.5106e+02, 5.5570e+01
72513.5, 72514.5, 72514.0, 3.0120e+01, 1.4136e+02, 5.5522e+01
72514.5, 72515.5, 72515.0, 3.3898e+01, 1.2469e+02, 5.5465e+01
72515.5, 72516.5, 72516.0, 2.4782e+01, 1.4217e+02, 5.5344e+01
72516.5, 72517.5, 72517.0, 2.5612e+01, 1.4764e+02, 5.5439e+01
72517.5, 72518.5, 72518.0, 2.5186e+01, 1.4974e+02, 5.6019e+01
72518.5, 72519.5, 72519.0, 3.1840e+01, 1.3407e+02, 5.5820e+01
72519.5, 72520.5, 72520.0, 3.1982e+01, 1.3328e+02, 5.5339e+01
72520.5, 72521.5, 72521.0, 4.1831e+01, 1.2013e+02, 5.5092e+01
72521.5, 72522.5, 72522.0, 4.4841e+01, 1.3019e+02, 5.5152e+01
72522.5, 72523.5, 72523.0, 3.8794e+01, 1.1792e+02, 5.5680e+01
72523.5, 72524.5, 72524.0, 4.1939e+01, 1.3448e+02, 5.5618e+01
72524.5, 72525.5, 72525.0, 4.2971e+01, 1.2078e+02, 5.5099e+01
72525.5, 72526.5, 72526.0, 3.8535e+01, 1.2770e+02, 5.6116e+01
72526.5, 72527.5, 72527.0, 3.8243e+01, 1.0827e+02, 5.6152e+01
72527.5, 72528.5, 72528.0, 3.4642e+01, 1.0290e+02, 5.5644e+01
72528.5, 72529.5, 72529.0, 4.2564e+01, 1.0498e+02, 5.5857e+01
72529.5, 72530.5, 72530.0, 3.8989e+01, 1.0674e+02, 5.5396e+01
72530.5, 72531.5, 72531.0, 3.7969e+01, 1.1858e+02, 5.5556e+01
72531.5, 72532.5, 72532.0, 4.3544e+01, 1.2581e+02, 5.5355e+01
72532.5, 72533.5, 72533.0, 4.3322e+01, 1.0933e+02, 5.5607e+01
72533.5, 72534.5, 72534.0, 4.5514e+01, 9.9906e+01, 5.5786e+01
72534.5, 72535.5, 72535.0, 3.1026e+01, 1.1327e+02, 5.5722e+01
72535.5, 72536.5, 72536.0, 4.2871e+01, 1.0139e+02, 5.5295e+01
72536.5, 72537.5, 72537.0, 4.0647e+01, 1.1816e+02, 5.5437e+01
72537.5, 72538.5, 72538.0, 3.3068e+01, 1.1119e+02, 5.5711e+01
72538.5, 72539.5, 72539.0, 3.9011e+01, 1.2028e+02, 5.5311e+01
72539.5, 72540.5, 72540.0, 4.1638e+01, 1.2958e+02, 5.5423e+01
72540.5, 72541.5, 72541.0, 4.1568e+01, 1.1325e+02, 5.5966e+01
72541.5, 72542.5, 72542.0, 3.8107e+01, 1.1892e+02, 5.5981e+01
72542.5, 72543.5, 72543.0, 4.2471e+01, 1.1737e+02, 5.5576e+01
72543.5, 72544.5, 72544.0, 3.5027e+01, 1.4333e+02, 5.5707e+01
72544.5, 72545.5, 72545.0, 4.0775e+01, 1.2661e+02, 5.5293e+01
72545.5, 72546.5, 72546.0, 4.2611e+01, 1.2405e+02, 5.5418e+01
72546.5, 72547.5, 72547.0, 3.0055e+01, 1.1189e+02, 5.5502e+01
72547.5, 72548.5, 72548.0, 4.1607e+01, 9.9524e+01, 5.5111e+01
72548.5, 72549.5, 72549.0, 3.5771e+01, 1.1995e+02, 5.5421e+01
72549.5, 72550.5, 72550.0, 4.0342e+01, 1.1923e+02, 5.5914e+01
72550.5, 72551.5, 72551.0, 3.4654e+01, 1.0693e+02, 5.5785e+01
72551.5, 72552.5, 72552.0, 4.3452e+01, 8.5967e+01, 5.5723e+01
72552.5, 72553.5, 72553.0, 3.5896e+01, 8.9565e+01, 5.5887e+01
72553.5, 72554.5, 72554.0, 3.5743e+01, 9.3075e+01, 5.5668e+01
72554.5, 72555.5, 72555.0, 3.6836e+01, 9.4449e+01, 5.5700e+01
72555.5, 72556.5, 72556.0, 3.8776e+01, 1.1626e+02, 5.5445e+01
72556.5, 72557.5, 72557.0, 3.4578e+01, 1.0638e+02, 5.5797e+01
72557.5, 72558.5, 72558.0, 3.9734e+01, 9.6371e+01, 5.5959e+01
72558.5, 72559.5, 72559.0, 4.2148e+01, 8.7348e+01, 5.6113e+01
72559.5, 72560.5, 72560.0, 3.8996e+01, 1.1215e+02, 5.5885e+01
72560.5, 72561.5, 72561.0, 3.9774e+01, 1.0927e+02, 5.5729e+01
72561.5, 72562.5, 72562.0, 3.9942e+01, 8.5106e+01, 5.6285e+01
72562.5, 72563.5, 72563.0, 3.2215e+01, 1.0137e+02, 5.5495e+01
72563.5, 72564.5, 72564.0, 3.9658e+01, 1.0245e+02, 5.5726e+01
72564.5, 72565.5, 72565.0, 3.6154e+01, 1.1942e+02, 5.5784e+01
72565.5, 72566.5, 72566.0, 3.8466e+01, 1.1861e+02, 5.5983e+01
72566.5, 72567.5, 72567.0, 4.0878e+01, 1.0961e+02, 5.5983e+01
72567.5, 72568.5, 72568.0, 3.7169e+01, 1.1330e+02, 5.6490e+01
72568.5, 72569.5, 72569.0, 3.3689e+01, 1.0921e+02, 5.6156e+01
72569.5, 72570.5, 72570.0, 3.5720e+01, 1.2395e+02, 5.6234e+01
72570.5, 72571.5, 72571.0, 3.5148e+01, 1.2076e+02, 5.6095e+01
72571.5, 72572.5, 72572.0, 3.4619e+01, 1.0078e+02, 5.6279e+01
72572.5, 72573.5, 72573.0, 3.3593e+01, 1.0404e+02, 5.6253e+01
72573.5, 72574.5, 72574.0, 4.2156e+01, 8.7081e+01, 5.6184e+01
72574.5, 72575.5, 72575.0, 3.9846e+01, 9.3584e+01, 5.6332e+01
72575.5, 72576.5, 72576.0, 3.4783e+01, 1.0716e+02, 5.6014e+01
72576.5, 72577.5, 72577.0, 3.6126e+01, 1.0722e+02, 5.6255e+01
72577.5, 72578.5, 72578.0, 3.8815e+01, 1.0234e+02, 5.6163e+01
72578.5, 72579.5, 72579.0, 3.6573e+01, 7.7827e+01, 5.6511e+01
72579.5, 72580.5, 72580.0, 3.6167e+01, 1.0287e+02, 5.6167e+01
72580.5, 72581.5, 72581.0, 3.5621e+01, 1.1126e+02, 5.6464e+01
72581.5, 72582.5, 72582.0, 3.6344e+01, 1.2040e+02, 5.6588e+01
72582.5, 72583.5, 72583.0, 3.2295e+01, 9.8171e+01, 5.7019e+01
72583.5, 72584.5, 72584.0, 3.7819e+01, 1.0561e+02, 5.6669e+01
72584.5, 72585.5, 72585.0, 4.2942e+01, 9.9480e+01, 5.6734e+01
72585.5, 72586.5, 72586.0, 3.3896e+01, 9.7544e+01, 5.6430e+01
72586.5, 72587.5, 72587.0, 3.6474e+01, 9.1826e+01, 5.6137e+01
72587.5, 72588.5, 72588.0, 3.1455e+01, 1.2053e+02, 5.8128e+01
72588.5, 72589.5, 72589.0, 3.2664e+01, 7.9052e+01, 5.7272e+01
72589.5, 72590.5, 72590.0, 3.8506e+01, 9.3747e+01, 5.7013e+01
72590.5, 72591.5, 72591.0, 3.0828e+01, 9.1422e+01, 5.7743e+01
72591.5, 72592.5, 72592.0, 2.0974e+01, 9.3600e+01, 5.7399e+01
72592.5, 72593.5, 72593.0, 3.7809e+01, 9.4378e+01, 5.7084e+01
72593.5, 72594.5, 72594.0, 3.7678e+01, 9.1516e+01, 5.7424e+01
72594.5, 72595.5, 72595.0, 3.0761e+01, 8.0479e+01, 5.8684e+01
72595.5, 72596.5, 72596.0, 2.8773e+01, 8.9201e+01, 5.8142e+01
72596.5, 72597.5, 72597.0, 2.8638e+01, 9.7292e+01, 5.8098e+01
72597.5, 72598.5, 72598.0, 3.5626e+01, 8.7057e+01, 5.7743e+01
72598.5, 72599.5, 72599.0, 3.0198e+01, 9.0112e+01, 5.7765e+01
72599.5, 72600.5, 72600.0, 3.2306e+01, 9.5744e+01, 5.7918e+01
72600.5, 72601.5, 72601.0, 3.2757e+01, 8.9690e+01, 5.7840e+01
72601.5, 72602.5, 72602.0, 3.6387e+01, 7.3986e+01, 5.7978e+01
72602.5, 72603.5, 72603.0, 3.1957e+01, 9.1089e+01, 5.7698e+01
72603.5, 72604.5, 72604.0, 3.3446e+01, 8.1927e+01, 5.7425e+01
72604.5, 72605.5, 72605.0, 3.0920e+01, 1.0083e+02, 5.7387e+01
72605.5, 72606.5, 72606.0, 3.7250e+01, 1.0368e+02, 5.7145e+01
72606.5, 72607.5, 72607.0, 3.1504e+01, 1.1288e+02, 5.7515e+01
72607.5, 72608.5, 72608.0, 2.7437e+01, 1.1742e+02, 5.7639e+01
72608.5, 72609.5, 72609.0, 3.9601e+01, 9.7482e+01, 5.7785e+01
72609.5, 72610.5, 72610.0, 3.9960e+01, 1.1163e+02, 5.7715e+01
72610.5, 72611.5, 72611.0, 3.3518e+01, 1.3796e+02, 5.7654e+01
72611.5, 72612.5, 72612.0, 3.5048e+01, 1.2268e+02, 5.7308e+01
72612.5, 72613.5, 72613.0, 4.4767e+01, 9.8951e+01, 5.7383e+01
72613.5, 72614.5, 72614.0, 3.8564e+01, 1.2896e+02, 5.7418e+01
72614.5, 72615.5, 72615.0, 3.3608e+01, 1.4401e+02, 5.6234e+01
72615.5, 72616.5, 72616.0, 4.5609e+01, 1.2960e+02, 5.6382e+01
72616.5, 72617.5, 72617.0, 4.5073e+01, 1.0686e+02, 5.6534e+01
72617.5, 72618.5, 72618.0, 4.7752e+01, 1.0299e+02, 5.6483e+01
72618.5, 72619.5, 72619.0, 4.5872e+01, 9.4323e+01, 5.6617e+01
72619.5, 72620.5, 72620.0, 3.5012e+01, 1.2171e+02, 5.6801e+01
72620.5, 72621.5, 72621.0, 4.4105e+01, 1.1896e+02, 5.6913e+01
72621.5, 72622.5, 72622.0, 5.0125e+01, 7.7194e+01, 5.6488e+01
72622.5, 72623.5, 72623.0, 4.1581e+01, 1.1384e+02, 5.6570e+01
72623.5, 72624.5, 72624.0, 4.2044e+01, 1.0143e+02, 5.6812e+01
72624.5, 72625.5, 72625.0, 4.4025e+01, 1.1001e+02, 5.6630e+01
72625.5, 72626.5, 72626.0, 4.1562e+01, 1.4761e+02, 5.6362e+01
72626.5, 72627.5, 72627.0, 3.5080e+01, 1.3939e+02, 5.6537e+01
72627.5, 72628.5, 72628.0, 4.3197e+01, 1.2686e+02, 5.6608e+01
72628.5, 72629.5, 72629.0, 5.0159e+01, 1.2560e+02, 5.6551e+01
72629.5, 72630.5, 72630.0, 4.0085e+01, 1.4324e+02, 5.6741e+01
72630.5, 72631.5, 72631.0, 4.4511e+01, 1.2639e+02, 5.6763e+01
72631.5, 72632.5, 72632.0, 4.4921e+01, 1.2526e+02, 5.7074e+01
72632.5, 72633.5, 72633.0, 4.1807e+01, 1.3201e+02, 5.6579e+01
72633.5, 72634.5, 72634.0, 4.6115e+01, 1.2878e+02, 5.7095e+01
72634.5, 72635.5, 72635.0, 4.9348e+01, 1.4291e+02, 5.6551e+01
72635.5, 72636.5, 72636.0, 5.2998e+01, 1.6213e+02, 5.7257e+01
72636.5, 72637.5, 72637.0, 5.3541e+01, 1.2585e+02, 5.6880e+01
72637.5, 72638.5, 72638.0, 4.5399e+01, 1.3058e+02, 5.6874e+01
72638.5, 72639.5, 72639.0, 4.6793e+01, 1.4133e+02, 5.7037e+01
72639.5, 72640.5, 72640.0, 5.0312e+01, 1.3079e+02, 5.7677e+01
72640.5, 72641.5, 72641.0, 4.5229e+01, 1.1729e+02, 5.7314e+01
72641.5, 72642.5, 72642.0, 4.8947e+01, 1.2836e+02, 5.7166e+01
72642.5, 72643.5, 72643.0, 4.5554e+01, 1.4464e+02, 5.7908e+01
72643.5, 72644.5, 72644.0, 4.6020e+01, 1.6863e+02, 5.7674e+01
72644.5, 72645.5, 72645.0, 5.6560e+01, 1.4978e+02, 5.7422e+01
72645.5, 72646.5, 72646.0, 5.5750e+01, 1.3011e+02, 5.7224e+01
72646.5, 72647.5, 72647.0, 5.1448e+01, 1.4258e+02, 5.7219e+01
72647.5, 72648.5, 72648.0, 4.7275e+01, 1.4804e+02, 5.7605e+01
72648.5, 72649.5, 72649.0, 4.5883e+01, 1.4923e+02, 5.7333e+01
72649.5, 72650.5, 72650.0, 4.3348e+01, 1.5614e+02, 5.7484e+01
72650.5, 72651.5, 72651.0, 4.5219e+01, 1.6037e+02, 5.7558e+01
72651.5, 72652.5, 72652.0, 5.1416e+01, 1.3257e+02, 5.7476e+01
72652.5, 72653.5, 72653.0, 5.4594e+01, 1.4235e+02, 5.7442e+01
72653.5, 72654.5, 72654.0, 4.7344e+01, 1.5911e+02, 5.7736e+01
72654.5, 72655.5, 72655.0, 4.7619e+01, 1.4648e+02, 5.7421e+01
72655.5, 72656.5, 72656.0, 4.9409e+01, 2.6294e+02, 5.8623e+01
72656.5, 72657.5, 72657.0, 5.6598e+01, 2.8155e+02, 5.8315e+01
72657.5, 72658.5, 72658.0, 6.0047e+01, 2.9922e+02, 5.8249e+01
72658.5, 72659.5, 72659.0, 5.4734e+01, 2.1647e+02, 5.7833e+01
72659.5, 72660.5, 72660.0, 5.0262e+01, 2.1116e+02, 5.8063e+01
72660.5, 72661.5, 72661.0, 4.2448e+01, 2.2715e+02, 5.8165e+01
72661.5, 72662.5, 72662.0, 6.0164e+01, 3.0138e+02, 5.8955e+01
72662.5, 72663.5, 72663.0, 1.6754e+02, 5.7636e+02, 5.9338e+01
72663.5, 72664.5, 72664.0, 2.4613e+02, 6.9747e+02, 5.9562e+01
72664.5, 72665.5, 72665.0, 2.4155e+02, 7.2084e+02, 5.9623e+01
72665.5, 72666.5, 72666.0, 2.4144e+02, 6.4808e+02, 5.9918e+01
72666.5, 72667.5, 72667.0, 2.1784e+02, 6.9289e+02, 5.9350e+01
72667.5, 72668.5, 72668.0, 2.1482e+02, 7.0528e+02, 5.9795e+01
72668.5, 72669.5, 72669.0, 1.9361e+02, 7.2533e+02, 5.9283e+01
72669.5, 72670.5, 72670.0, 2.3060e+02, 9.4320e+02, 5.9251e+01
72670.5, 72671.5, 72671.0, 4.7229e+02, 1.2910e+03, 5.9034e+01
72671.5, 72672.5, 72672.0, 3.9033e+02, 1.0096e+03, 5.9258e+01
72672.5, 72673.5, 72673.0, 3.2980e+02, 8.4477e+02, 5.9366e+01
72673.5, 72674.5, 72674.0, 2.0130e+02, 5.1396e+02, 5.9197e+01
72674.5, 72675.5, 72675.0, 1.9849e+02, 6.8140e+02, 5.9105e+01
72675.5, 72676.5, 72676.0, 2.7796e+02, 8.0150e+02, 5.8730e+01
72676.5, 72677.5, 72677.0, 2.0238e+02, 6.1782e+02, 5.9439e+01
72677.5, 72678.5, 72678.0, 1.9889e+02, 5.9746e+02, 5.8953e+01
72678.5, 72679.5, 72679.0, 1.7402e+02, 5.4561e+02, 5.9386e+01
72679.5, 72680.5, 72680.0, 1.5078e+02, 4.8085e+02, 5.9336e+01
72680.5, 72681.5, 72681.0, 1.3139e+02, 3.7610e+02, 5.9051e+01
72681.5, 72682.5, 72682.0, 1.0192e+02, 3.5087e+02, 5.9436e+01
72682.5, 72683.5, 72683.0, 1.0736e+02, 3.4416e+02, 5.9700e+01
72683.5, 72684.5, 72684.0, 1.0120e+02, 2.9017e+02, 5.9546e+01
72684.5, 72685.5, 72685.0, 9.2797e+01, 3.1643e+02, 5.9600e+01
72685.5, 72686.5, 72686.0, 9.0819e+01, 3.0572e+02, 5.9242e+01
72686.5, 72687.5, 72687.0, 8.5264e+01, 2.6085e+02, 5.8997e+01
72687.5, 72688.5, 72688.0, 7.8188e+01, 2.7719e+02, 5.9056e+01
72688.5, 72689.5, 72689.0, 7.4339e+01, 2.7227e+02, 5.8805e+01
72689.5, 72690.5, 72690.0, 6.9058e+01, 2.5611e+02, 5.8653e+01
72690.5, 72691.5, 72691.0, 5.7879e+01, 2.5808e+02, 5.8785e+01
72691.5, 72692.5, 72692.0, 6.1919e+01, 2.7802e+02, 5.8658e+01
72692.5, 72693.5, 72693.0, 6.4961e+01, 2.6253e+02, 5.8329e+01
72693.5, 72694.5, 72694.0, 6.3646e+01, 2.4736e+02, 5.8961e+01
72694.5, 72695.5, 72695.0, 7.0155e+01, 2.3884e+02, 5.9111e+01
72695.5, 72696.5, 72696.0, 7.0186e+01, 2.2839e+02, 5.8515e+01
72696.5, 72697.5, 72697.0, 6.4747e+01, 2.2860e+02, 5.8546e+01
72697.5, 72698.5, 72698.0, 5.7817e+01, 2.5431e+02, 5.8853e+01
72698.5, 72699.5, 72699.0, 6.5444e+01, 2.2664e+02, 5.9124e+01
72699.5, 72700.5, 72700.0, 5.8902e+01, 1.9158e+02, 5.9616e+01
72700.5, 72701.5, 72701.0, 6.1357e+01, 1.9283e+02, 5.8918e+01
72701.5, 72702.5, 72702.0, 5.6642e+01, 2.2912e+02, 5.8854e+01
72702.5, 72703.5, 72703.0, 5.8621e+01, 2.1958e+02, 5.8908e+01
72703.5, 72704.5, 72704.0, 6.4969e+01, 2.0211e+02, 5.8953e+01
72704.5, 72705.5, 72705.0, 6.5981e+01, 1.8987e+02, 5.8796e+01
72705.5, 72706.5, 72706.0, 6.6779e+01, 1.9194e+02, 5.8832e+01
72706.5, 72707.5, 72707.0, 5.9390e+01, 2.1826e+02, 5.8635e+01
72707.5, 72708.5, 72708.0, 6.6218e+01, 2.1200e+02, 5.8024e+01
72708.5, 72709.5, 72709.0, 5.9611e+01, 2.3498e+02, 5.8109e+01
72709.5, 72710.5, 72710.0, 6.0806e+01, 1.8957e+02, 5.8330e+01
72710.5, 72711.5, 72711.0, 5.2943e+01, 2.1070e+02, 5.8729e+01
72711.5, 72712.5, 72712.0, 5.1172e+01, 2.0828e+02, 5.8661e+01
72712.5, 72713.5, 72713.0, 6.0128e+01, 1.7938e+02, 5.8865e+01
72713.5, 72714.5, 72714.0, 5.5004e+01, 1.8752e+02, 5.8143e+01
72714.5, 72715.5, 72715.0, 5.5640e+01, 1.7735e+02, 5.8245e+01
72715.5, 72716.5, 72716.0, 5.7783e+01, 1.6981e+02, 5.8805e+01
72716.5, 72717.5, 72717.0, 5.9619e+01, 1.6401e+02, 5.8586e+01
72717.5, 72718.5, 72718.0, 5.5000e+01, 1.6383e+02, 5.8965e+01
72718.5, 72719.5, 72719.0, 6.0168e+01, 1.3347e+02, 5.8522e+01
72719.5, 72720.5, 72720.0, 4.1060e+01, 1.8069e+02, 5.8802e+01
72720.5, 72721.5, 72721.0, 4.9334e+01, 1.7354e+02, 5.8950e+01
72721.5, 72722.5, 72722.0, 5.1434e+01, 1.6460e+02, 5.8704e+01
72722.5, 72723.5, 72723.0, 5.6910e+01, 1.5194e+02, 5.8435e+01
72723.5, 72724.5, 72724.0, 8.4671e+01, 2.0099e+02, 5.8049e+01
72724.5, 72725.5, 72725.0, 6.5681e+01, 2.3087e+02, 5.8597e+01
72725.5, 72726.5, 72726.0, 6.5615e+01, 2.2483e+02, 5.8704e+01
72726.5, 72727.5, 72727.0, 6.2124e+01, 2.1979e+02, 5.8635e+01
72727.5, 72728.5, 72728.0, 6.4890e+01, 1.9057e+02, 5.8630e+01
72728.5, 72729.5, 72729.0, 6.3222e+01, 1.9718e+02, 5.8565e+01
72729.5, 72730.5, 72730.0, 6.5485e+01, 2.1049e+02, 5.8847e+01
72730.5, 72731.5, 72731.0, 6.3759e+01, 1.9880e+02, 5.8573e+01
72731.5, 72732.5, 72732.0, 6.3816e+01, 1.9327e+02, 5.8470e+01
72732.5, 72733.5, 72733.0, 6.2444e+01, 1.7964e+02, 5.8504e+01
72733.5, 72734.5, 72734.0, 5.4523e+01, 2.0516e+02, 5.8506e+01
72734.5, 72735.5, 72735.0, 5.6781e+01, 1.9994e+02, 5.8460e+01
72735.5, 72736.5, 72736.0, 6.0708e+01, 1.7976e+02, 5.8878e+01
72736.5, 72737.5, 72737.0, 5.3219e+01, 1.7163e+02, 5.8635e+01
72737.5, 72738.5, 72738.0, 4.6163e+01, 1.6609e+02, 5.9155e+01
72738.5, 72739.5, 72739.0, 4.6914e+01, 1.8030e+02, 5.9046e+01
72739.5, 72740.5, 72740.0, 5.5495e+01, 1.8785e+02, 5.9137e+01
72740.5, 72741.5, 72741.0, 5.8899e+01, 1.8039e+02, 5.9395e+01
72741.5, 72742.5, 72742.0, 5.3588e+01, 1.9889e+02, 5.9357e+01
72742.5, 72743.5, 72743.0, 5.9820e+01, 1.9317e+02, 5.9061e+01
72743.5, 72744.5, 72744.0, 4.9456e+01, 2.2991e+02, 5.9612e+01
72744.5, 72745.5, 72745.0, 5.5047e+01, 2.1693e+02, 5.9169e+01
72745.5, 72746.5, 72746.0, 5.6219e+01, 2.2121e+02, 5.9078e+01
72746.5, 72747.5, 72747.0, 7.1895e+01, 2.1340e+02, 5.8805e+01
72747.5, 72748.5, 72748.0, 5.9112e+01, 2.3447e+02, 5.8872e+01
72748.5, 72749.5, 72749.0, 6.9818e+01, 2.3709e+02, 5.8539e+01
72749.5, 72750.5, 72750.0, 6.7629e+01, 2.4975e+02, 5.8426e+01
