FRAPPE-OH-H2SO4_C130_20140731_R0.ict
40, 1001
MAULDIN.ROYL
Department of Atmospheric and Oceanic Sciences
OH, H2SO4, and MSA Concentrations from the NCAR C-130
FRAPPE
1, 1
2014, 07, 31, 2015, 04, 01
0
Start_UTC, seconds, (number of seconds from 0000 UTC)
4
1, 1, 1, 1
-99999, -99999, -999999999, -999999999
Stop_UTC, seconds, (number of seconds from 0000 UTC)
Mid_UTC, seconds, (number of seconds from 0000 UTC)
OH_cm-3, molec_cm-3, molecule_cm-3
H2SO4_cm-3, molec_cm-3, molecule_cm-3
4
These data have been filtered for unacceptable noise or other ancelarry parameters,
however there still may be some outlying points. These data have been reduced
with an altitude dependent calibration coefficient measured during the study.
Version 0
18
PI_CONTACT_INFO: 303-499-1135, ATOC, UCB 311, Boulder, CO 80309-0311, roy.mauldin@colorado.edu
PLATFORM: NCAR C-130
LOCATION: RMMA, Broomfield, CO
ASSOCIATED_DATA: N/A
INSTRUMENT_INFO: These data were collected using a CIMS based instrument that is part of the Mauldin/Cantrell HOx CIMS instrument.
DATA_INFO: Data are presented as 30 second averages.
UNCERTAINTY: approximately 45% (2 sigma)
ULOD_FLAG: -777777777 
ULOD_VALUE: N/A, N/A, N/A, N/A
LLOD_FLAG: -888888888 
LLOD_VALUE: N/A, N/A, N/A, N/A
DM_CONTACT_INFO: ???
PROJECT_INFO: 16 July - 16 August 2014; https://www.eol.ucar.edu/field_projects/frappe
STIPULATIONS_ON_USE: contact PI BEFORE use/presentation/publication
OTHER_COMMENTS: N/A
REVISION: R0
R0: Final Data Apr_01_2015
Start_UTC, Stop_UTC,  Mid_UTC,   OH_cm-3,   H2SO4_cm-3
[from data line 273]
80400,      80429,      80415,      7881347,      1106423
80430,      80459,      80445,      7373943,      4360988
80460,      80489,      80475,      4637364,      1113036
80490,      80519,      80505,      4690780,      1175368
80520,      80549,      80535,      6645229,      1484055
80550,      80579,      80565,      7813011,      779305
80580,      80609,      80595,      4737770,      413562
80610,      80639,      80625,      3385338,      403897
80640,      80669,      80655,      3926375,      770479
80670,      80699,      80685,      4091808,      543746
80700,      80729,      80715,      5901637,      646376
80730,      80759,      80745,      5200315,      1110903
80760,      80789,      80775,      8348151,      1640112
80790,      80819,      80805,      6361751,      1443040
80820,      80849,      80835,      7449663,      1896274
80850,      80879,      80865,      8183090,      1824536
80880,      80909,      80895,      4806279,      938600
80910,      80939,      80925,      4480948,      1194640
80970,      80999,      80985,      3796162,      4275460
81000,      81029,      81015,      7902126,      3740549
81030,      81059,      81045,      7059206,      5436950
81060,      81089,      81075,      7172957,      3634200
81090,      81119,      81105,      5047879,      4689803
81120,      81149,      81135,      4975130,      4422787
81150,      81179,      81165,      7464884,      3666909
81180,      81209,      81195,      6952501,      8202250
81240,      81269,      81255,      6507543,      6216740
81270,      81299,      81285,      8912331,      6279953
81300,      81329,      81315,      7899696,      3951482
81330,      81359,      81345,      6372836,      4336640
81360,      81389,      81375,      6934522,      4547380
81390,      81419,      81405,      4501914,      5147330
81420,      81449,      81435,      6241475,      2659344
81450,      81479,      81465,      5836018,      3124179
81480,      81509,      81495,      7955474,      2991131
81510,      81539,      81525,      5630855,      2206072
81540,      81569,      81555,      3641415,      1489080
81570,      81599,      81585,      4742919,      1870721
81600,      81629,      81615,      5521648,      1886620
81630,      81659,      81645,      6711510,      2488706
81660,      81689,      81675,      6611876,      1874904
81690,      81719,      81705,      5352493,      2806636
81720,      81749,      81735,      4387101,      1412896
81750,      81779,      81765,      5561300,      1522412
81780,      81809,      81795,      4742357,      1844688
81810,      81839,      81825,      4123335,      2707601
81840,      81869,      81855,      4542266,      1806077
81870,      81899,      81885,      3959095,      2707329
81900,      81929,      81915,      4257691,      1935281
81930,      81959,      81945,      2519516,      1374981
81960,      81989,      81975,      2584211,      1044796
81990,      82019,      82005,      2586385,      1299316
82020,      82049,      82035,      2055968,      909593
82050,      82079,      82065,      2852060,      1094629
82080,      82109,      82095,      2067099,      1193651
82110,      82139,      82125,      2093917,      778593
82170,      82199,      82185,      3755087,      759870
82200,      82229,      82215,      2269499,      999311
82230,      82259,      82245,      2820957,      589665
82260,      82289,      82275,      2514180,      699776
82290,      82319,      82305,      2072883,      1011106
82320,      82349,      82335,      2137206,      457014
82350,      82379,      82365,      2524973,      635368
82380,      82409,      82395,      1807385,      847409
82410,      82439,      82425,      2885857,      972443
82440,      82469,      82455,      2715929,      1059210
82470,      82499,      82485,      2752617,      656396
82500,      82529,      82515,      2618427,      763294
82530,      82559,      82545,      2232623,      544998
82560,      82589,      82575,      1955580,      482631
82590,      82619,      82605,      1682257,      365553
82620,      82649,      82635,      1933865,      226215
82650,      82679,      82665,      1248449,      167180
82680,      82709,      82695,      896759,      211297
82710,      82739,      82725,      708274,      251227
82740,      82769,      82755,      1158693,      198893
82770,      82799,      82785,      1478148,      197373
82800,      82829,      82815,      1393974,      304538
82830,      82859,      82845,      991641,      292570
82860,      82889,      82875,      1612361,      237183
82890,      82919,      82905,      1357231,      447627
82920,      82949,      82935,      1608871,      507382
82950,      82979,      82965,      2724409,      570727
82980,      83009,      82995,      1894859,      481618
83010,      83039,      83025,      1895227,      654161
83040,      83069,      83055,      3188017,      1320386
83070,      83099,      83085,      3230675,      4584731
83100,      83129,      83115,      2283925,      709335
83130,      83159,      83145,      2448946,      1552358
83190,      83219,      83205,      1550158,      351483
83220,      83249,      83235,      2049042,      830968
83250,      83279,      83265,      862520,      933805
83280,      83309,      83295,      1939160,      685578
83310,      83339,      83325,      1805696,      394539
83340,      83369,      83355,      1512843,      397611
83370,      83399,      83385,      1580942,      313641
83400,      83429,      83415,      1448704,      200807
83430,      83459,      83445,      1000704,      109231
83460,      83489,      83475,      1076392,      138347
83490,      83519,      83505,      1357232,      202620
83520,      83549,      83535,      1402801,      129192
83550,      83579,      83565,      1429498,      108062
83580,      83609,      83595,      1549148,      223639
83610,      83639,      83625,      1068583,      227183
83640,      83669,      83655,      1206619,      347401
83670,      83699,      83685,      1308155,      290313
83790,      83819,      83805,      1401303,      237305
83820,      83849,      83835,      1284860,      241327
83850,      83879,      83865,      1166596,      633610
83880,      83909,      83895,      973978,      788181
83910,      83939,      83925,      1104571,      589637
83940,      83969,      83955,      1100179,      332267
83970,      83999,      83985,      1308475,      252154
84000,      84029,      84015,      1063987,      349160
84030,      84059,      84045,      1364120,      76164
84060,      84089,      84075,      1384183,      183631
84090,      84119,      84105,      1257106,      273193
84120,      84149,      84135,      896284,      200404
84150,      84179,      84165,      490860,      151907
84180,      84209,      84195,      669335,      277429
84210,      84239,      84225,      882018,      263503
84240,      84269,      84255,      1097667,      250388
84270,      84299,      84285,      934936,      337062
84300,      84329,      84315,      755255,      444315
84330,      84359,      84345,      839568,      346605
84390,      84419,      84405,      827530,      428669
84420,      84449,      84435,      870366,      458667
84450,      84479,      84465,      707954,      820456
84480,      84509,      84495,      760838,      690042
84510,      84539,      84525,      892274,      498908
84540,      84569,      84555,      800969,      515820
84570,      84599,      84585,      1183607,      569203
84630,      84659,      84645,      517732,      361140
84660,      84689,      84675,      531269,      282758
84690,      84719,      84705,      505207,      175142
84720,      84749,      84735,      559460,      229869
84750,      84779,      84765,      684101,      152272
84780,      84809,      84795,      374328,      170172
84810,      84839,      84825,      572639,      216536
84840,      84869,      84855,      668374,      237564
84870,      84899,      84885,      743221,      328579
84900,      84929,      84915,      686181,      438784
84930,      84959,      84945,      347195,      313070
84960,      84989,      84975,      603734,      335213
84990,      85019,      85005,      578844,      195118
85020,      85049,      85035,      556314,      178636
85050,      85079,      85065,      592562,      308914
85110,      85139,      85125,      756118,      440296
85140,      85169,      85155,      498321,      285738
85170,      85199,      85185,      901745,      470088
85200,      85229,      85215,      694077,      471593
85230,      85259,      85245,      894607,      318251
85260,      85289,      85275,      992037,      555776
85290,      85319,      85305,      918072,      530142
85320,      85349,      85335,      1099182,      517243
85350,      85379,      85365,      1178898,      427267
85380,      85409,      85395,      888627,      351203
85410,      85439,      85425,      801958,      420024
85440,      85469,      85455,      853449,      340393
85470,      85499,      85485,      643331,      183090
85500,      85529,      85515,      708339,      273601
85530,      85559,      85545,      594555,      171129
85560,      85589,      85575,      708561,      248675
85590,      85619,      85605,      1060653,      195010
85620,      85649,      85635,      821697,      225096
85650,      85679,      85665,      811457,      166498
85680,      85709,      85695,      952481,      114159
85710,      85739,      85725,      868769,      212813
85740,      85769,      85755,      910378,      101787
85770,      85799,      85785,      822300,      289498
85800,      85829,      85815,      887798,      76471
85830,      85859,      85845,      831448,      69448
85860,      85889,      85875,      1042216,      169777
85890,      85919,      85905,      836853,      48000
85920,      85949,      85935,      1049294,      64270
85950,      85979,      85965,      908128,      65752
85980,      86009,      85995,      1007057,      14472
86040,      86069,      86055,      941781,      99109
86070,      86099,      86085,      1006252,      122028
86100,      86129,      86115,      722188,      79279
86130,      86159,      86145,      616832,      32017
86160,      86189,      86175,      907364,      -4913
86190,      86219,      86205,      591724,      181632
86220,      86249,      86235,      771201,      18581
86250,      86279,      86265,      -547983,      57484
86280,      86309,      86295,      698178,      139052
86310,      86339,      86325,      647439,      46601
86340,      86369,      86355,      638055,      146711
86370,      86399,      86385,      534069,      124609
86400,      86429,      86415,      -999999999,      269449
86430,      86459,      86445,      -999999999,      192600
86460,      86489,      86475,      -999999999,      189796
86490,      86519,      86505,      -999999999,      55122
86520,      86549,      86535,      -999999999,      77598
86550,      86579,      86565,      -999999999,      156909
86580,      86609,      86595,      -999999999,      211329
86610,      86639,      86625,      -999999999,      53158
86640,      86669,      86655,      -999999999,      23654
86670,      86699,      86685,      -999999999,      91242
86700,      86729,      86715,      -999999999,      40682
86730,      86759,      86745,      -999999999,      235635
86760,      86789,      86775,      -999999999,      70098
86790,      86819,      86805,      -999999999,      231644
86820,      86849,      86835,      -999999999,      161335
86880,      86909,      86895,      -999999999,      29631
86910,      86939,      86925,      -999999999,      41847
86940,      86969,      86955,      -999999999,      6848
86970,      86999,      86985,      -999999999,      102884
87000,      87029,      87015,      -999999999,      251734
87030,      87059,      87045,      -999999999,      296859
87060,      87089,      87075,      -999999999,      326863
87090,      87119,      87105,      -999999999,      319945
87120,      87149,      87135,      -999999999,      229233
87150,      87179,      87165,      -999999999,      274644
87180,      87209,      87195,      -999999999,      234831
87210,      87239,      87225,      -999999999,      103451
87240,      87269,      87255,      -999999999,      110653
87270,      87299,      87285,      -999999999,      81851
87300,      87329,      87315,      -999999999,      300125
87330,      87359,      87345,      -999999999,      83912
87360,      87389,      87375,      -999999999,      155087
87390,      87419,      87405,      -999999999,      138612
87420,      87449,      87435,      -999999999,      152200
87450,      87479,      87465,      -999999999,      183660
87480,      87509,      87495,      -999999999,      206334
87510,      87539,      87525,      -999999999,      181492
87630,      87659,      87645,      -999999999,      302997
87660,      87689,      87675,      -999999999,      268265
87690,      87719,      87705,      -999999999,      21363
87720,      87749,      87735,      -999999999,      -15914
87750,      87779,      87765,      -999999999,      5671
87780,      87809,      87795,      -999999999,      48674
87810,      87839,      87825,      -999999999,      10935
87840,      87869,      87855,      -999999999,      -985
87870,      87899,      87885,      -999999999,      17116
87900,      87929,      87915,      -999999999,      -72012
87930,      87959,      87945,      -999999999,      23988
87960,      87989,      87975,      -999999999,      48687
87990,      88019,      88005,      -999999999,      -33006
88020,      88049,      88035,      -999999999,      -33136
88050,      88079,      88065,      -999999999,      -41652
88080,      88109,      88095,      -999999999,      -64813
88110,      88139,      88125,      -999999999,      -59724
88140,      88169,      88155,      -999999999,      -58859
88170,      88199,      88185,      -999999999,      21726
88200,      88229,      88215,      -999999999,      169355
88230,      88259,      88245,      -999999999,      -73646
88260,      88289,      88275,      -999999999,      18424
88290,      88319,      88305,      -999999999,      120533
88320,      88349,      88335,      -999999999,      17837
88350,      88379,      88365,      -999999999,      161865
88380,      88409,      88395,      -999999999,      -109120
88410,      88439,      88425,      -999999999,      40261
88440,      88469,      88455,      -999999999,      -92947
88470,      88499,      88485,      -999999999,      93864
88500,      88529,      88515,      -999999999,      5000
88530,      88559,      88545,      -999999999,      2545
88560,      88589,      88575,      -999999999,      41592
88590,      88619,      88605,      -999999999,      7802
88620,      88649,      88635,      -999999999,      -32425
88650,      88679,      88665,      -999999999,      -67671
88680,      88709,      88695,      -999999999,      -5353
88710,      88739,      88725,      -999999999,      11157
88740,      88769,      88755,      -999999999,      189807
88770,      88799,      88785,      -999999999,      179153
88800,      88829,      88815,      -999999999,      -17667
88830,      88859,      88845,      -999999999,      257108
88860,      88889,      88875,      -999999999,      93789
88890,      88919,      88905,      -999999999,      431405
88920,      88949,      88935,      -999999999,      979310
88950,      88979,      88965,      -999999999,      550148
88980,      89009,      88995,      -999999999,      579735
89010,      89039,      89025,      -999999999,      181734
89040,      89069,      89055,      -999999999,      205340
89070,      89099,      89085,      -999999999,      -23533
89100,      89129,      89115,      -999999999,      -142548
