FRAPPE-CAPSPMEX_C130_20140731_R0.ict
34, 1001
Bahreini, Roya
UC- Riverside
Cavity Attenuated Phase Shift Particle Extinction Monitor (CAPS-PMex 632nm) Instrument- C130 
FRAPPE
1, 1
2014, 07, 31, 2014, 12, 26
1
RafTimeWave,UTC
1
1
-9999
ext632nm,perMm
1
N/A
18
PI_CONTACT_INFO: Phone: 951-827-4506; Address: UC- Riverside, Dept. of Environmental Sciences, 900 University Ave., Riverside, CA 92521 
PLATFORM: NSF C-130 aircraft 
LOCATION: The aircraft was stationed in Jeffco, Broomfield, Co. Location data is in AircraftPos file.
ASSOCIATED_DATA: N/A
INSTRUMENT_INFO: Massoli, P.,et al. (2012), Aerosol Sci. Technol., 44, doi:10.1080/02786821003716599
DATA_INFO: Units: Realtime 1 Hz data; units: Mm^-1
UNCERTAINTY: 3%; Detection limit at 1 Hz: 3 Mm^-1 (data lower than detection limit are kept to avoid introducing a bias in the average)
ULOD_FLAG: -7777
ULOD_VALUE: N/A
LLOD_FLAG: -8888
LLOD_VALUE: N/A
DM_CONTACT_INFO: Contact PI (roya.bahreini@ucr.edu)
PROJECT_INFO: FRAPPE ; July 16- August 17, 2014
STIPULATIONS_ON_USE: Use of these data require prior ok from PI.
OTHER_COMMENTS: N/A
REVISION: R0
R0: Final Data; Data are reported at STP (1013 hPa and 273 K) whereas RA data were reported at detector conditions; Timestamp is based on RAF time feed and any delay due to residence time in the inlet (< 1 s) is not taken into account; data sampling in clouds have not been removed.
RafTimeWave, ext632nm
[from data line 6445]
73479.0, 10.22
73480.0, 11.79
73481.0, 12.17
73482.0, 11.92
73483.0, 11.58
73484.0, 13.66
73485.0, 14.24
73486.0, 13.37
73487.0, 12.56
73488.0, 12.23
73489.0, 10.30
73490.0, 11.75
73491.0, 10.47
73492.0, 11.52
73493.0, 11.42
73494.0, 10.68
73495.0, 13.54
73496.0, 14.00
73497.0, 13.57
73498.0, 13.60
73499.0, 14.24
73500.0, 13.68
73501.0, 11.05
73502.0, 11.61
73503.0, 13.44
73504.0, 14.16
73505.0, 14.41
73506.0, 14.22
73507.0, 13.97
73508.0, 15.27
73509.0, 14.90
73510.0, 14.82
73511.0, 17.80
73512.0, 16.54
73513.0, 17.03
73514.0, 15.35
73515.0, 12.97
73516.0, 15.12
73517.0, 17.18
73518.0, 15.73
73519.0, 13.87
73520.0, 15.55
73521.0, 16.95
73522.0, 18.58
73523.0, 19.52
73524.0, 18.31
73525.0, 17.43
73526.0, 19.95
73527.0, 20.10
73528.0, 18.38
73529.0, 19.76
73530.0, 19.68
73531.0, 17.18
73532.0, 15.24
73533.0, 15.08
73534.0, 17.31
73535.0, 14.81
73536.0, 15.66
73537.0, 14.07
73538.0, 15.48
73539.0, 14.66
73540.0, 14.37
73541.0, 16.22
73542.0, 13.03
73543.0, 12.53
73544.0, 12.30
73545.0, 14.31
73546.0, 13.99
73547.0, 14.80
73548.0, 13.60
73549.0, 15.07
73550.0, 14.11
73551.0, 12.34
73552.0, 15.22
73553.0, 14.33
73554.0, 12.68
73555.0, 13.91
73556.0, 13.00
73557.0, 11.20
73558.0, 10.96
73559.0, 10.88
73560.0, 11.41
73561.0, 11.48
73562.0, 11.86
73563.0, 12.68
73564.0, 14.13
73565.0, 14.16
73566.0, 13.97
73567.0, 13.22
73568.0, 12.16
73569.0, 9.95
73570.0, 11.42
73571.0, 12.53
73572.0, 12.12
73573.0, 12.07
73574.0, 11.24
73575.0, 9.60
73576.0, 9.91
73577.0, 10.85
73578.0, 11.32
73579.0, 10.61
73580.0, 10.83
73581.0, 9.34
73582.0, 9.93
73583.0, 9.51
73584.0, 11.28
73585.0, 10.74
73586.0, 9.74
73587.0, -9999.00
73588.0, -9999.00
73589.0, -9999.00
73590.0, -9999.00
73591.0, -9999.00
73592.0, -9999.00
73593.0, -9999.00
73594.0, -9999.00
73595.0, -9999.00
73596.0, -9999.00
73597.0, -9999.00
73598.0, -9999.00
73599.0, -9999.00
73600.0, -9999.00
73601.0, -9999.00
73602.0, -9999.00
73603.0, -9999.00
73604.0, -9999.00
73605.0, -9999.00
73606.0, -9999.00
73607.0, -9999.00
73608.0, -9999.00
73609.0, -9999.00
73610.0, -9999.00
73611.0, -9999.00
73612.0, -9999.00
73613.0, -9999.00
73614.0, -9999.00
73615.0, -9999.00
73616.0, -9999.00
73617.0, -9999.00
73618.0, -9999.00
73619.0, -9999.00
73620.0, -9999.00
73621.0, -9999.00
73622.0, -9999.00
73623.0, -9999.00
73624.0, -9999.00
73625.0, -9999.00
73626.0, -9999.00
73627.0, -9999.00
73628.0, -9999.00
73629.0, -9999.00
73630.0, -9999.00
73631.0, -9999.00
73632.0, -9999.00
73633.0, -9999.00
73634.0, -9999.00
73635.0, -9999.00
73636.0, -9999.00
73637.0, -9999.00
73638.0, -9999.00
73639.0, -9999.00
73640.0, -9999.00
73641.0, -9999.00
73642.0, -9999.00
73643.0, -9999.00
73644.0, -9999.00
73645.0, -9999.00
73646.0, -9999.00
73647.0, -9999.00
73648.0, -9999.00
73649.0, -9999.00
73650.0, -9999.00
73651.0, -9999.00
73652.0, -9999.00
73653.0, -9999.00
73654.0, -9999.00
73655.0, -9999.00
73656.0, -9999.00
73657.0, -9999.00
73658.0, -9999.00
73659.0, -9999.00
73660.0, -9999.00
73661.0, -9999.00
73662.0, -9999.00
73663.0, -9999.00
73664.0, -9999.00
73665.0, -9999.00
73666.0, -9999.00
73667.0, -9999.00
73668.0, -9999.00
73669.0, -9999.00
73670.0, -9999.00
73671.0, -9999.00
73672.0, -9999.00
73673.0, -9999.00
73674.0, -9999.00
73675.0, -9999.00
73676.0, 8.85
73677.0, -9999.00
73678.0, 8.39
73679.0, 9.08
73680.0, 11.25
73681.0, 11.36
73682.0, 9.73
73683.0, 9.06
73684.0, 8.75
73685.0, 9.67
73686.0, 9.34
73687.0, 9.91
73688.0, 9.42
73689.0, 10.39
73690.0, 10.71
73691.0, 9.94
73692.0, 11.70
73693.0, 11.40
73694.0, 10.89
73695.0, 10.27
73696.0, 11.17
73697.0, 9.99
73698.0, 9.13
73699.0, 8.26
73700.0, 9.62
73701.0, 11.13
73702.0, 10.73
73703.0, 7.75
73704.0, 9.19
73705.0, 10.46
73706.0, 11.74
73707.0, 9.89
73708.0, 8.51
73709.0, 8.49
73710.0, 9.17
73711.0, 9.01
73712.0, 7.66
73713.0, 8.27
73714.0, 10.06
73715.0, 9.29
73716.0, 10.80
73717.0, 12.12
73718.0, 10.67
73719.0, 8.76
73720.0, 9.13
73721.0, 8.72
73722.0, 8.55
73723.0, 10.08
73724.0, 9.95
73725.0, 10.24
73726.0, 11.44
73727.0, 12.28
73728.0, 12.26
73729.0, 10.81
73730.0, 9.42
73731.0, 9.51
73732.0, 11.81
73733.0, 12.32
73734.0, 11.88
73735.0, 12.08
73736.0, 9.84
73737.0, 9.34
73738.0, 9.72
73739.0, 9.15
73740.0, 11.44
73741.0, 11.01
73742.0, 10.33
73743.0, 9.79
73744.0, 10.46
73745.0, 9.36
73746.0, 8.79
73747.0, 10.65
73748.0, 13.35
73749.0, 13.56
73750.0, 10.16
73751.0, 10.75
73752.0, 10.40
73753.0, 9.46
73754.0, 10.64
73755.0, 9.41
73756.0, 9.28
73757.0, 14.34
73758.0, 15.46
73759.0, 13.50
73760.0, 11.99
73761.0, 10.57
73762.0, 10.93
73763.0, 12.85
73764.0, 12.54
73765.0, 11.44
73766.0, -9999.00
73767.0, -9999.00
73768.0, -9999.00
73769.0, 12.52
73770.0, 10.91
73771.0, 9.53
73772.0, 10.70
73773.0, 11.23
73774.0, 11.01
73775.0, 11.29
73776.0, 11.27
73777.0, 14.57
73778.0, 11.65
73779.0, 12.19
73780.0, 12.40
73781.0, 11.51
73782.0, 10.79
73783.0, 11.36
73784.0, 11.21
73785.0, 10.86
73786.0, 13.44
73787.0, 12.42
73788.0, 11.90
73789.0, 13.77
73790.0, 13.33
73791.0, 10.92
73792.0, 11.67
73793.0, 10.37
73794.0, 11.61
73795.0, 13.20
73796.0, 11.79
73797.0, 11.87
73798.0, 10.49
73799.0, 11.72
73800.0, 11.08
73801.0, 10.39
73802.0, 8.87
73803.0, 12.13
73804.0, 12.80
73805.0, 10.20
73806.0, 9.97
73807.0, 9.87
73808.0, 9.50
73809.0, 9.53
73810.0, 9.79
73811.0, 10.35
73812.0, 9.39
73813.0, 9.71
73814.0, 9.96
73815.0, 11.58
73816.0, 9.64
73817.0, 9.42
73818.0, 10.06
73819.0, 12.13
73820.0, 13.54
73821.0, 13.03
73822.0, 11.86
73823.0, 10.75
73824.0, 7.55
73825.0, 10.29
73826.0, 10.46
73827.0, 11.01
73828.0, 9.82
73829.0, 9.21
73830.0, 11.30
73831.0, 11.31
73832.0, 10.99
73833.0, 10.14
73834.0, 8.94
73835.0, 9.95
73836.0, 10.88
73837.0, 9.07
73838.0, 9.22
73839.0, 10.39
73840.0, 7.43
73841.0, 8.48
73842.0, 10.58
73843.0, 10.10
73844.0, 8.25
73845.0, 8.26
73846.0, 7.05
73847.0, 7.89
73848.0, 7.98
73849.0, 8.85
73850.0, 9.09
73851.0, 9.74
73852.0, 9.90
73853.0, 9.06
73854.0, 9.77
73855.0, 9.83
73856.0, 9.12
73857.0, 9.29
73858.0, 9.27
73859.0, 8.45
73860.0, 10.46
73861.0, 9.25
73862.0, 8.94
73863.0, 9.30
73864.0, 8.43
73865.0, 7.62
73866.0, 7.18
73867.0, 6.45
73868.0, 6.39
73869.0, 7.57
73870.0, 9.46
73871.0, 10.75
73872.0, 10.16
73873.0, 9.46
73874.0, 9.61
73875.0, 11.25
73876.0, 11.86
73877.0, 11.81
73878.0, 12.16
73879.0, 11.43
73880.0, 9.18
73881.0, 8.62
73882.0, 10.24
73883.0, 9.81
73884.0, 12.26
73885.0, 9.88
73886.0, 10.45
73887.0, 8.11
73888.0, -9999.00
73889.0, -9999.00
73890.0, -9999.00
73891.0, -9999.00
73892.0, -9999.00
73893.0, -9999.00
73894.0, -9999.00
73895.0, -9999.00
73896.0, -9999.00
73897.0, -9999.00
73898.0, -9999.00
73899.0, -9999.00
73900.0, -9999.00
73901.0, -9999.00
73902.0, -9999.00
73903.0, -9999.00
73904.0, -9999.00
73905.0, -9999.00
73906.0, -9999.00
73907.0, -9999.00
73908.0, -9999.00
73909.0, -9999.00
73910.0, -9999.00
73911.0, -9999.00
73912.0, -9999.00
73913.0, -9999.00
73914.0, -9999.00
73915.0, -9999.00
73916.0, -9999.00
73917.0, -9999.00
73918.0, -9999.00
73919.0, -9999.00
73920.0, -9999.00
73921.0, -9999.00
73922.0, -9999.00
73923.0, -9999.00
73924.0, -9999.00
73925.0, -9999.00
73926.0, -9999.00
73927.0, -9999.00
73928.0, -9999.00
73929.0, -9999.00
73930.0, -9999.00
73931.0, -9999.00
73932.0, -9999.00
73933.0, -9999.00
73934.0, -9999.00
73935.0, -9999.00
73936.0, -9999.00
73937.0, -9999.00
73938.0, -9999.00
73939.0, -9999.00
73940.0, -9999.00
73941.0, -9999.00
73942.0, -9999.00
73943.0, -9999.00
73944.0, -9999.00
73945.0, -9999.00
73946.0, -9999.00
73947.0, -9999.00
73948.0, -9999.00
73949.0, -9999.00
73950.0, -9999.00
73951.0, -9999.00
73952.0, -9999.00
73953.0, -9999.00
73954.0, -9999.00
73955.0, -9999.00
73956.0, -9999.00
73957.0, -9999.00
73958.0, -9999.00
73959.0, -9999.00
73960.0, -9999.00
73961.0, -9999.00
73962.0, -9999.00
73963.0, -9999.00
73964.0, -9999.00
73965.0, -9999.00
73966.0, -9999.00
73967.0, -9999.00
73968.0, -9999.00
73969.0, -9999.00
73970.0, -9999.00
73971.0, -9999.00
73972.0, -9999.00
73973.0, -9999.00
73974.0, -9999.00
73975.0, -9999.00
73976.0, -9999.00
73977.0, 13.63
73978.0, -9999.00
73979.0, 16.17
73980.0, 15.79
73981.0, 14.13
73982.0, 16.37
73983.0, 13.62
73984.0, 12.37
73985.0, 14.17
73986.0, 17.19
73987.0, 13.68
73988.0, 10.19
73989.0, 11.00
73990.0, 11.48
73991.0, 11.96
73992.0, 10.70
73993.0, 11.47
73994.0, 12.67
73995.0, 13.70
73996.0, 12.90
73997.0, 12.26
73998.0, 11.76
73999.0, 12.17
74000.0, 9.45
74001.0, 11.40
74002.0, 12.48
74003.0, 9.34
74004.0, 8.62
74005.0, 8.76
74006.0, 9.67
74007.0, 10.61
74008.0, 11.10
74009.0, 9.17
74010.0, 9.43
74011.0, 10.21
74012.0, 9.98
74013.0, 13.90
74014.0, 15.88
74015.0, 14.69
74016.0, 12.57
74017.0, 13.52
74018.0, 13.40
74019.0, 12.96
74020.0, 11.41
74021.0, 11.01
74022.0, 11.71
74023.0, 12.48
74024.0, 11.70
74025.0, 10.77
74026.0, 10.09
74027.0, 10.22
74028.0, 11.68
74029.0, 11.01
74030.0, 12.13
74031.0, 11.32
74032.0, 11.83
74033.0, 16.44
74034.0, 18.92
74035.0, 13.20
74036.0, 16.14
74037.0, 14.06
74038.0, 12.30
74039.0, 12.81
74040.0, 11.96
74041.0, 12.81
74042.0, 15.18
74043.0, 12.66
74044.0, 12.20
74045.0, 13.16
74046.0, 12.72
74047.0, 15.28
74048.0, 14.68
74049.0, 13.47
74050.0, 13.12
74051.0, 15.20
74052.0, 16.16
74053.0, 13.28
74054.0, 12.85
74055.0, 14.55
74056.0, 14.71
74057.0, 15.36
74058.0, 15.19
74059.0, 13.30
74060.0, 14.35
74061.0, 13.78
74062.0, 13.30
74063.0, 13.97
74064.0, 15.41
74065.0, 14.66
74066.0, 13.56
74067.0, 12.88
74068.0, 15.03
74069.0, 15.19
74070.0, 17.37
74071.0, 17.59
74072.0, 14.03
74073.0, 14.22
74074.0, 11.28
74075.0, 12.60
74076.0, 13.60
74077.0, 13.84
74078.0, 12.03
74079.0, 12.01
74080.0, 12.95
74081.0, 14.75
74082.0, 13.14
74083.0, 13.30
74084.0, 10.73
74085.0, 13.62
74086.0, 12.26
74087.0, 12.14
74088.0, 11.91
74089.0, 11.17
74090.0, 11.41
74091.0, 12.21
74092.0, 12.63
74093.0, 11.88
74094.0, 13.87
74095.0, 10.95
74096.0, 13.37
74097.0, 12.12
74098.0, 10.86
74099.0, 11.13
74100.0, 12.50
74101.0, 12.48
74102.0, 14.70
74103.0, 14.67
74104.0, 14.97
74105.0, 13.51
74106.0, 11.69
74107.0, 12.08
74108.0, 13.66
74109.0, 15.56
74110.0, 14.06
74111.0, 13.90
74112.0, 15.81
74113.0, 17.48
74114.0, 15.65
74115.0, 16.16
74116.0, 15.89
74117.0, 13.68
74118.0, 14.46
74119.0, 16.92
74120.0, 16.91
74121.0, 17.27
74122.0, 15.32
74123.0, 15.18
74124.0, 13.29
74125.0, 12.75
74126.0, 15.55
74127.0, 12.95
74128.0, 16.29
74129.0, 16.51
74130.0, 16.27
74131.0, 17.62
74132.0, 14.34
74133.0, 14.23
74134.0, 13.26
74135.0, 15.75
74136.0, 15.03
74137.0, 12.52
74138.0, 12.53
74139.0, 11.70
74140.0, 12.63
74141.0, 12.83
74142.0, 13.37
74143.0, 14.13
74144.0, 12.63
74145.0, 15.08
74146.0, 12.91
74147.0, 13.80
74148.0, 14.70
74149.0, 15.98
74150.0, 16.49
74151.0, 16.29
74152.0, 14.79
74153.0, 12.85
74154.0, 14.14
74155.0, 15.39
74156.0, 16.14
74157.0, 16.23
74158.0, 14.81
74159.0, 17.18
74160.0, 16.97
74161.0, 16.79
74162.0, 16.75
74163.0, 17.39
74164.0, 15.13
74165.0, 16.07
74166.0, 16.47
74167.0, 18.46
74168.0, 19.85
74169.0, 15.21
74170.0, 18.47
74171.0, 16.25
74172.0, 16.42
74173.0, 16.72
74174.0, 17.01
74175.0, 16.01
74176.0, 17.34
74177.0, 14.11
74178.0, 14.92
74179.0, 17.73
74180.0, 17.55
74181.0, 15.53
74182.0, 16.10
74183.0, 17.84
74184.0, 18.42
74185.0, 18.14
74186.0, 17.32
74187.0, 18.20
74188.0, -9999.00
74189.0, -9999.00
74190.0, -9999.00
74191.0, -9999.00
74192.0, -9999.00
74193.0, -9999.00
74194.0, -9999.00
74195.0, -9999.00
74196.0, -9999.00
74197.0, -9999.00
74198.0, -9999.00
74199.0, -9999.00
74200.0, -9999.00
74201.0, -9999.00
74202.0, -9999.00
74203.0, -9999.00
74204.0, -9999.00
74205.0, -9999.00
74206.0, -9999.00
74207.0, -9999.00
74208.0, -9999.00
74209.0, -9999.00
74210.0, -9999.00
74211.0, -9999.00
74212.0, -9999.00
74213.0, -9999.00
74214.0, -9999.00
74215.0, -9999.00
74216.0, -9999.00
74217.0, -9999.00
74218.0, -9999.00
74219.0, -9999.00
74220.0, -9999.00
74221.0, -9999.00
74222.0, -9999.00
74223.0, -9999.00
74224.0, -9999.00
74225.0, -9999.00
74226.0, -9999.00
74227.0, -9999.00
74228.0, -9999.00
74229.0, -9999.00
74230.0, -9999.00
74231.0, -9999.00
74232.0, -9999.00
74233.0, -9999.00
74234.0, -9999.00
74235.0, -9999.00
74236.0, -9999.00
74237.0, -9999.00
74238.0, -9999.00
74239.0, -9999.00
74240.0, -9999.00
74241.0, -9999.00
74242.0, -9999.00
74243.0, -9999.00
74244.0, -9999.00
74245.0, -9999.00
74246.0, -9999.00
74247.0, -9999.00
74248.0, -9999.00
74249.0, -9999.00
74250.0, -9999.00
74251.0, -9999.00
74252.0, -9999.00
74253.0, -9999.00
74254.0, -9999.00
74255.0, -9999.00
74256.0, -9999.00
74257.0, -9999.00
74258.0, -9999.00
74259.0, -9999.00
74260.0, -9999.00
74261.0, -9999.00
74262.0, -9999.00
74263.0, -9999.00
74264.0, -9999.00
74265.0, -9999.00
74266.0, -9999.00
74267.0, -9999.00
74268.0, -9999.00
74269.0, -9999.00
74270.0, -9999.00
74271.0, -9999.00
74272.0, -9999.00
74273.0, -9999.00
74274.0, -9999.00
74275.0, -9999.00
74276.0, -9999.00
74277.0, 9.66
74278.0, -9999.00
74279.0, 10.15
74280.0, 9.72
74281.0, 9.62
74282.0, 7.87
74283.0, 6.10
74284.0, 10.37
74285.0, 9.88
74286.0, 9.00
74287.0, 6.69
74288.0, 8.35
74289.0, 8.00
74290.0, 9.11
74291.0, 10.09
74292.0, 11.59
74293.0, 11.87
74294.0, 11.59
74295.0, 9.93
74296.0, 9.75
74297.0, 10.51
74298.0, 8.89
74299.0, 9.51
74300.0, 11.24
74301.0, 11.37
74302.0, 10.78
74303.0, 10.65
74304.0, 12.38
74305.0, 9.44
74306.0, 9.27
74307.0, 8.73
74308.0, 8.54
74309.0, 10.22
74310.0, 11.02
74311.0, 11.15
74312.0, 10.40
74313.0, 11.32
74314.0, 11.21
74315.0, 9.40
74316.0, 8.69
74317.0, 8.65
74318.0, 9.41
74319.0, 8.23
74320.0, 11.15
74321.0, 11.20
74322.0, 10.75
74323.0, 14.93
74324.0, 16.69
74325.0, 12.93
74326.0, 9.30
74327.0, 8.31
74328.0, 9.34
74329.0, 8.79
74330.0, 8.51
74331.0, 6.70
74332.0, 12.21
74333.0, 13.10
74334.0, 7.62
74335.0, 5.44
74336.0, 6.62
74337.0, 8.41
74338.0, 9.73
74339.0, 8.14
74340.0, 8.80
74341.0, 13.32
74342.0, 14.86
74343.0, 11.48
74344.0, 9.46
74345.0, 8.35
74346.0, 9.22
74347.0, 11.20
74348.0, 10.50
74349.0, 8.47
74350.0, 7.61
74351.0, 7.19
74352.0, 7.34
74353.0, 5.25
74354.0, 9.28
74355.0, 8.86
74356.0, 6.50
74357.0, 5.12
74358.0, 6.72
74359.0, 7.42
74360.0, 7.43
74361.0, 13.36
74362.0, 12.36
74363.0, 11.01
74364.0, 10.14
74365.0, 10.69
74366.0, 14.41
74367.0, 17.84
74368.0, 14.92
74369.0, 12.36
74370.0, 11.67
74371.0, 13.85
74372.0, 16.75
74373.0, 17.63
74374.0, 18.41
74375.0, 15.51
74376.0, 16.56
74377.0, 16.12
74378.0, 15.05
74379.0, 13.83
74380.0, 19.32
74381.0, 26.52
74382.0, 17.14
74383.0, 10.49
74384.0, 12.96
74385.0, 13.66
74386.0, 14.64
74387.0, 14.80
74388.0, 18.41
74389.0, 18.21
74390.0, 18.28
74391.0, 19.40
74392.0, 17.19
74393.0, 15.68
74394.0, 13.57
74395.0, 13.50
74396.0, 15.36
74397.0, 15.13
74398.0, 14.29
74399.0, 15.77
74400.0, 17.26
74401.0, 17.50
74402.0, 16.76
74403.0, 17.68
74404.0, 14.39
74405.0, 14.81
74406.0, 18.40
74407.0, 17.66
74408.0, 15.69
74409.0, 14.05
74410.0, 15.37
74411.0, 14.93
74412.0, 16.01
74413.0, 15.15
74414.0, 12.07
74415.0, 12.29
74416.0, 12.54
74417.0, 14.16
74418.0, 16.50
74419.0, 15.15
74420.0, 13.22
74421.0, 13.62
74422.0, 14.54
74423.0, 14.38
74424.0, 13.52
74425.0, 13.46
74426.0, 16.44
74427.0, 16.30
74428.0, 17.53
74429.0, 16.07
74430.0, 18.16
74431.0, 17.50
74432.0, 16.36
74433.0, 16.46
74434.0, 18.81
74435.0, 17.88
74436.0, 17.11
74437.0, 16.78
74438.0, 15.64
74439.0, 16.42
74440.0, 14.64
74441.0, 14.76
74442.0, 18.23
74443.0, 19.80
74444.0, 15.17
74445.0, 15.53
74446.0, 16.86
74447.0, 18.23
74448.0, 14.71
74449.0, 15.00
74450.0, 15.51
74451.0, 17.23
74452.0, 17.18
74453.0, 19.02
74454.0, 19.60
74455.0, 14.84
74456.0, 14.52
74457.0, 14.98
74458.0, 17.45
74459.0, 18.06
74460.0, 17.33
74461.0, 16.37
74462.0, 16.18
74463.0, 15.33
74464.0, 15.24
74465.0, 14.61
74466.0, 15.47
74467.0, 14.21
74468.0, 12.87
74469.0, 12.66
74470.0, 12.38
74471.0, 11.58
74472.0, 13.00
74473.0, 14.56
74474.0, 16.11
74475.0, 16.72
74476.0, 15.93
74477.0, 15.16
74478.0, 13.09
74479.0, 13.90
74480.0, 15.32
74481.0, 16.93
74482.0, 13.52
74483.0, 15.23
74484.0, 16.06
74485.0, 17.65
74486.0, 18.54
74487.0, 16.83
74488.0, -9999.00
74489.0, -9999.00
74490.0, -9999.00
74491.0, -9999.00
74492.0, -9999.00
74493.0, -9999.00
74494.0, -9999.00
74495.0, -9999.00
74496.0, -9999.00
74497.0, -9999.00
74498.0, -9999.00
