FRAPPE-NH3_C130_20140731_R0.ict
36, 1001
Scott Herndon (herndon@aerodyne.com), Rob Roscioli (roscioli@aerodyne.com), John Nowak (jnowak@aerodyn.com)
Aerodyne Research, Inc.
Aerodyne Dual NH3/HNO3 QCL Instrument
FRAPPE
1, 1
2014, 07, 31, 2014, 12, 18
0
NH3_Starttime, seconds_past_midnight
3
1, 1, 1
-9999, -9999, -9999
NH3_Stoptime, seconds_past_midnight
NH3_Midtime, seconds_past_midnight
NH3_ppbv, ppbv
1
Inlet developed a leak in-flight little data salvagable after 2100
18
PI_CONTACT_INFO: 45 Manning Road, Billerica, MA 01821
PLATFORM: NSF/NCAR C130 Aircraft
LOCATION: Latitude, Longitude, and Altitude of the C-130 can be obtained from other files
ASSOCIATED_DATA: Calibration source measured by UV optical absorption periodically throughout project as in Neuman, J.A. et al., Calibration and Evaluation of Nitric Acid and Ammonia Permeation Tubes by UV Optical Absorption, Environ. Sci. Technol.; 37(13); 2975-2981 doi
INSTRUMENT_INFO: Herndon, S.C., et al., Charcterization of urban pollutant emission fluxes and ambient concentration distributions using a mobile laboratory with rapid response instrumentation, Faraday Discuss. 2005, 130, 327-329. Jimenez, R., et al,. In Atmospheric trace gas measurements using a dual quantum-cascade laser mid-infrared absorption spectrometer, Proc. of SPIE, 2005; Mermelstein, C.; Bour, D., Eds. 2005. McManus, J.B., et al., Application of quantum cascade lasers to high-precision atmospheric trace gas measurements., Opt. Eng., 2010, 39, (11), 111124-111124-11.
DATA_INFO: Units: ppbv
UNCERTAINTY: +/- (22% + 0.84 ppbv) + 0.170 ppbv
ULOD_FLAG: -7777
ULOD_VALUE: N/A
LLOD_FLAG: -8888
LLOD_VALUE: N/A
DM_CONTACT_INFO: Data Manager: Rob Roscioli (roscioli@aerodyne.com), John Nowak (jnowak@aerodyne.com)
PROJECT_INFO: Project Info: 
STIPULATIONS_ON_USE: Use of these data require prior ok from PI.
OTHER_COMMENTS: 1. The 1/e signal decay time after a standard addition calibration of ~25 ppbv is between 1 to 2 seconds depending on flight.  All data submitted at 1 s with this caveat. 2. Accuracy is the combined uncertainty for the in-flight calibrations, the RMS average difference between consecutive instrumental background measurements, and the instrument precision (which is the noise on the individual instrumental background measurements). For the example +/-(22% +0.305 ppbv) +0.058 ppbv, 22% is the calibration uncertainty, 0.305 ppbv is the RMS difference between consectuvie background measurements, and 0.058 ppbv is the instrument precision.
REVISION: R0
R0: Final Data
NH3_Starttime, NH3_Stoptime, NH3_Midtime, NH3_ppbv
[from data line 2946]
74640.500,74641.499,74641.000,-9999.000
74641.500,74642.499,74642.000,-9999.000
74642.500,74643.499,74643.000,-9999.000
74643.500,74644.499,74644.000,-9999.000
74644.500,74645.499,74645.000,-9999.000
74645.500,74646.499,74646.000,-9999.000
74646.500,74647.499,74647.000,-9999.000
74647.500,74648.499,74648.000,-9999.000
74648.500,74649.499,74649.000,-9999.000
74649.500,74650.499,74650.000,-9999.000
74650.500,74651.499,74651.000,-9999.000
74651.500,74652.499,74652.000,-9999.000
74652.500,74653.499,74653.000,-9999.000
74653.500,74654.499,74654.000,8.100
74654.500,74655.499,74655.000,8.015
74655.500,74656.499,74656.000,8.022
74656.500,74657.499,74657.000,8.150
74657.500,74658.499,74658.000,8.155
74658.500,74659.499,74659.000,8.288
74659.500,74660.499,74660.000,8.290
74660.500,74661.499,74661.000,8.510
74661.500,74662.499,74662.000,8.492
74662.500,74663.499,74663.000,8.494
74663.500,74664.499,74664.000,8.559
74664.500,74665.499,74665.000,8.509
74665.500,74666.499,74666.000,8.437
74666.500,74667.499,74667.000,8.359
74667.500,74668.499,74668.000,8.521
74668.500,74669.499,74669.000,8.553
74669.500,74670.499,74670.000,8.366
74670.500,74671.499,74671.000,8.349
74671.500,74672.499,74672.000,8.483
74672.500,74673.499,74673.000,8.519
74673.500,74674.499,74674.000,8.469
74674.500,74675.499,74675.000,8.648
74675.500,74676.499,74676.000,8.730
74676.500,74677.499,74677.000,8.739
74677.500,74678.499,74678.000,8.715
74678.500,74679.499,74679.000,8.858
74679.500,74680.499,74680.000,8.840
74680.500,74681.499,74681.000,8.538
74681.500,74682.499,74682.000,8.297
74682.500,74683.499,74683.000,8.408
74683.500,74684.499,74684.000,8.665
74684.500,74685.499,74685.000,8.643
74685.500,74686.499,74686.000,8.677
74686.500,74687.499,74687.000,8.480
74687.500,74688.499,74688.000,8.607
74688.500,74689.499,74689.000,8.610
74689.500,74690.499,74690.000,8.712
74690.500,74691.499,74691.000,8.689
74691.500,74692.499,74692.000,8.550
74692.500,74693.499,74693.000,8.693
74693.500,74694.499,74694.000,8.784
74694.500,74695.499,74695.000,8.970
74695.500,74696.499,74696.000,8.873
74696.500,74697.499,74697.000,9.029
74697.500,74698.499,74698.000,8.866
74698.500,74699.499,74699.000,8.879
74699.500,74700.499,74700.000,8.738
74700.500,74701.499,74701.000,8.733
74701.500,74702.499,74702.000,8.819
74702.500,74703.499,74703.000,8.839
74703.500,74704.499,74704.000,8.766
74704.500,74705.499,74705.000,8.746
74705.500,74706.499,74706.000,8.811
74706.500,74707.499,74707.000,8.758
74707.500,74708.499,74708.000,9.005
74708.500,74709.499,74709.000,9.253
74709.500,74710.499,74710.000,9.292
74710.500,74711.499,74711.000,9.294
74711.500,74712.499,74712.000,9.426
74712.500,74713.499,74713.000,9.389
74713.500,74714.499,74714.000,9.382
74714.500,74715.499,74715.000,9.297
74715.500,74716.499,74716.000,9.185
74716.500,74717.499,74717.000,9.119
74717.500,74718.499,74718.000,8.876
74718.500,74719.499,74719.000,8.791
74719.500,74720.499,74720.000,8.958
74720.500,74721.499,74721.000,8.957
74721.500,74722.499,74722.000,8.882
74722.500,74723.499,74723.000,8.871
74723.500,74724.499,74724.000,8.986
74724.500,74725.499,74725.000,9.043
74725.500,74726.499,74726.000,9.014
74726.500,74727.499,74727.000,8.849
74727.500,74728.499,74728.000,8.740
74728.500,74729.499,74729.000,8.629
74729.500,74730.499,74730.000,8.723
74730.500,74731.499,74731.000,8.756
74731.500,74732.499,74732.000,8.586
74732.500,74733.499,74733.000,8.553
74733.500,74734.499,74734.000,8.578
74734.500,74735.499,74735.000,8.482
74735.500,74736.499,74736.000,8.480
74736.500,74737.499,74737.000,8.490
74737.500,74738.499,74738.000,8.432
74738.500,74739.499,74739.000,8.445
74739.500,74740.499,74740.000,8.420
74740.500,74741.499,74741.000,8.365
74741.500,74742.499,74742.000,8.490
74742.500,74743.499,74743.000,8.516
74743.500,74744.499,74744.000,8.392
74744.500,74745.499,74745.000,8.408
74745.500,74746.499,74746.000,8.457
74746.500,74747.499,74747.000,8.470
74747.500,74748.499,74748.000,8.462
74748.500,74749.499,74749.000,8.510
74749.500,74750.499,74750.000,8.602
74750.500,74751.499,74751.000,8.588
74751.500,74752.499,74752.000,8.488
74752.500,74753.499,74753.000,8.513
74753.500,74754.499,74754.000,8.564
74754.500,74755.499,74755.000,8.682
74755.500,74756.499,74756.000,8.634
74756.500,74757.499,74757.000,8.650
74757.500,74758.499,74758.000,8.649
74758.500,74759.499,74759.000,8.607
74759.500,74760.499,74760.000,8.636
74760.500,74761.499,74761.000,8.589
74761.500,74762.499,74762.000,8.607
74762.500,74763.499,74763.000,8.702
74763.500,74764.499,74764.000,8.685
74764.500,74765.499,74765.000,8.623
74765.500,74766.499,74766.000,8.534
74766.500,74767.499,74767.000,8.510
74767.500,74768.499,74768.000,8.373
74768.500,74769.499,74769.000,8.368
74769.500,74770.499,74770.000,8.349
74770.500,74771.499,74771.000,8.355
74771.500,74772.499,74772.000,8.347
74772.500,74773.499,74773.000,8.130
74773.500,74774.499,74774.000,8.042
74774.500,74775.499,74775.000,8.053
74775.500,74776.499,74776.000,7.990
74776.500,74777.499,74777.000,7.892
74777.500,74778.499,74778.000,7.903
74778.500,74779.499,74779.000,8.007
74779.500,74780.499,74780.000,8.078
74780.500,74781.499,74781.000,8.203
74781.500,74782.499,74782.000,8.203
74782.500,74783.499,74783.000,8.100
74783.500,74784.499,74784.000,7.896
74784.500,74785.499,74785.000,7.879
74785.500,74786.499,74786.000,7.958
74786.500,74787.499,74787.000,8.193
74787.500,74788.499,74788.000,8.214
74788.500,74789.499,74789.000,8.193
74789.500,74790.499,74790.000,8.230
74790.500,74791.499,74791.000,8.271
74791.500,74792.499,74792.000,8.280
74792.500,74793.499,74793.000,8.254
74793.500,74794.499,74794.000,8.000
74794.500,74795.499,74795.000,7.812
74795.500,74796.499,74796.000,7.955
74796.500,74797.499,74797.000,7.988
74797.500,74798.499,74798.000,8.074
74798.500,74799.499,74799.000,8.066
74799.500,74800.499,74800.000,8.080
74800.500,74801.499,74801.000,8.109
74801.500,74802.499,74802.000,8.179
74802.500,74803.499,74803.000,8.168
74803.500,74804.499,74804.000,7.982
74804.500,74805.499,74805.000,7.837
74805.500,74806.499,74806.000,8.099
74806.500,74807.499,74807.000,8.117
74807.500,74808.499,74808.000,8.225
74808.500,74809.499,74809.000,8.078
74809.500,74810.499,74810.000,8.188
74810.500,74811.499,74811.000,8.261
74811.500,74812.499,74812.000,8.247
74812.500,74813.499,74813.000,8.208
74813.500,74814.499,74814.000,8.198
74814.500,74815.499,74815.000,8.074
74815.500,74816.499,74816.000,8.021
74816.500,74817.499,74817.000,7.918
74817.500,74818.499,74818.000,7.952
74818.500,74819.499,74819.000,7.891
74819.500,74820.499,74820.000,7.909
74820.500,74821.499,74821.000,7.951
74821.500,74822.499,74822.000,7.980
74822.500,74823.499,74823.000,8.076
74823.500,74824.499,74824.000,7.442
74824.500,74825.499,74825.000,5.425
74825.500,74826.499,74826.000,-9999.000
74826.500,74827.499,74827.000,-9999.000
74827.500,74828.499,74828.000,-9999.000
74828.500,74829.499,74829.000,-9999.000
74829.500,74830.499,74830.000,-9999.000
74830.500,74831.499,74831.000,-9999.000
74831.500,74832.499,74832.000,-9999.000
74832.500,74833.499,74833.000,-9999.000
74833.500,74834.499,74834.000,-9999.000
74834.500,74835.499,74835.000,-9999.000
74835.500,74836.499,74836.000,-9999.000
74836.500,74837.499,74837.000,-9999.000
74837.500,74838.499,74838.000,-9999.000
74838.500,74839.499,74839.000,-9999.000
74839.500,74840.499,74840.000,-9999.000
74840.500,74841.499,74841.000,-9999.000
74841.500,74842.499,74842.000,-9999.000
74842.500,74843.499,74843.000,-9999.000
74843.500,74844.499,74844.000,-9999.000
74844.500,74845.499,74845.000,-9999.000
74845.500,74846.499,74846.000,-9999.000
74846.500,74847.499,74847.000,-9999.000
74847.500,74848.499,74848.000,-9999.000
74848.500,74849.499,74849.000,-9999.000
74849.500,74850.499,74850.000,-9999.000
74850.500,74851.499,74851.000,-9999.000
74851.500,74852.499,74852.000,-9999.000
74852.500,74853.499,74853.000,-9999.000
74853.500,74854.499,74854.000,-9999.000
74854.500,74855.499,74855.000,-9999.000
74855.500,74856.499,74856.000,-9999.000
74856.500,74857.499,74857.000,-9999.000
74857.500,74858.499,74858.000,-9999.000
74858.500,74859.499,74859.000,-9999.000
74859.500,74860.499,74860.000,-9999.000
74860.500,74861.499,74861.000,-9999.000
74861.500,74862.499,74862.000,-9999.000
74862.500,74863.499,74863.000,-9999.000
74863.500,74864.499,74864.000,-9999.000
74864.500,74865.499,74865.000,-9999.000
74865.500,74866.499,74866.000,-9999.000
74866.500,74867.499,74867.000,-9999.000
74867.500,74868.499,74868.000,-9999.000
74868.500,74869.499,74869.000,-9999.000
74869.500,74870.499,74870.000,-9999.000
74870.500,74871.499,74871.000,-9999.000
74871.500,74872.499,74872.000,-9999.000
74872.500,74873.499,74873.000,-9999.000
74873.500,74874.499,74874.000,-9999.000
74874.500,74875.499,74875.000,-9999.000
74875.500,74876.499,74876.000,-9999.000
74876.500,74877.499,74877.000,-9999.000
74877.500,74878.499,74878.000,-9999.000
74878.500,74879.499,74879.000,-9999.000
74879.500,74880.499,74880.000,-9999.000
74880.500,74881.499,74881.000,-9999.000
74881.500,74882.499,74882.000,-9999.000
74882.500,74883.499,74883.000,-9999.000
74883.500,74884.499,74884.000,-9999.000
74884.500,74885.499,74885.000,-9999.000
74885.500,74886.499,74886.000,-9999.000
74886.500,74887.499,74887.000,-9999.000
74887.500,74888.499,74888.000,-9999.000
74888.500,74889.499,74889.000,-9999.000
74889.500,74890.499,74890.000,-9999.000
74890.500,74891.499,74891.000,-9999.000
74891.500,74892.499,74892.000,-9999.000
74892.500,74893.499,74893.000,-9999.000
74893.500,74894.499,74894.000,-9999.000
74894.500,74895.499,74895.000,-9999.000
74895.500,74896.499,74896.000,-9999.000
74896.500,74897.499,74897.000,-9999.000
74897.500,74898.499,74898.000,-9999.000
74898.500,74899.499,74899.000,-9999.000
74899.500,74900.499,74900.000,-9999.000
74900.500,74901.499,74901.000,-9999.000
74901.500,74902.499,74902.000,-9999.000
74902.500,74903.499,74903.000,-9999.000
74903.500,74904.499,74904.000,-9999.000
74904.500,74905.499,74905.000,-9999.000
74905.500,74906.499,74906.000,-9999.000
74906.500,74907.499,74907.000,-9999.000
74907.500,74908.499,74908.000,-9999.000
74908.500,74909.499,74909.000,-9999.000
74909.500,74910.499,74910.000,-9999.000
74910.500,74911.499,74911.000,-9999.000
74911.500,74912.499,74912.000,-9999.000
74912.500,74913.499,74913.000,-9999.000
74913.500,74914.499,74914.000,-9999.000
74914.500,74915.499,74915.000,-9999.000
74915.500,74916.499,74916.000,-9999.000
74916.500,74917.499,74917.000,-9999.000
74917.500,74918.499,74918.000,-9999.000
74918.500,74919.499,74919.000,-9999.000
74919.500,74920.499,74920.000,-9999.000
74920.500,74921.499,74921.000,-9999.000
74921.500,74922.499,74922.000,-9999.000
74922.500,74923.499,74923.000,-9999.000
74923.500,74924.499,74924.000,-9999.000
74924.500,74925.499,74925.000,-9999.000
74925.500,74926.499,74926.000,-9999.000
74926.500,74927.499,74927.000,-9999.000
74927.500,74928.499,74928.000,-9999.000
74928.500,74929.499,74929.000,-9999.000
74929.500,74930.499,74930.000,-9999.000
74930.500,74931.499,74931.000,-9999.000
74931.500,74932.499,74932.000,-9999.000
74932.500,74933.499,74933.000,-9999.000
74933.500,74934.499,74934.000,-9999.000
74934.500,74935.499,74935.000,-9999.000
74935.500,74936.499,74936.000,-9999.000
74936.500,74937.499,74937.000,-9999.000
74937.500,74938.499,74938.000,-9999.000
74938.500,74939.499,74939.000,-9999.000
74939.500,74940.499,74940.000,-9999.000
74940.500,74941.499,74941.000,-9999.000
74941.500,74942.499,74942.000,-9999.000
74942.500,74943.499,74943.000,-9999.000
74943.500,74944.499,74944.000,-9999.000
74944.500,74945.499,74945.000,-9999.000
74945.500,74946.499,74946.000,-9999.000
74946.500,74947.499,74947.000,-9999.000
74947.500,74948.499,74948.000,-9999.000
74948.500,74949.499,74949.000,-9999.000
74949.500,74950.499,74950.000,-9999.000
74950.500,74951.499,74951.000,-9999.000
74951.500,74952.499,74952.000,-9999.000
74952.500,74953.499,74953.000,-9999.000
74953.500,74954.499,74954.000,-9999.000
74954.500,74955.499,74955.000,-9999.000
74955.500,74956.499,74956.000,-9999.000
74956.500,74957.499,74957.000,-9999.000
74957.500,74958.499,74958.000,-9999.000
74958.500,74959.499,74959.000,-9999.000
74959.500,74960.499,74960.000,-9999.000
74960.500,74961.499,74961.000,-9999.000
74961.500,74962.499,74962.000,-9999.000
74962.500,74963.499,74963.000,-9999.000
74963.500,74964.499,74964.000,-9999.000
74964.500,74965.499,74965.000,6.812
74965.500,74966.499,74966.000,6.842
74966.500,74967.499,74967.000,6.879
74967.500,74968.499,74968.000,6.827
74968.500,74969.499,74969.000,6.884
74969.500,74970.499,74970.000,6.865
74970.500,74971.499,74971.000,6.944
74971.500,74972.499,74972.000,6.925
74972.500,74973.499,74973.000,6.946
74973.500,74974.499,74974.000,-9999.000
74974.500,74975.499,74975.000,-9999.000
74975.500,74976.499,74976.000,-9999.000
74976.500,74977.499,74977.000,-9999.000
74977.500,74978.499,74978.000,-9999.000
74978.500,74979.499,74979.000,-9999.000
74979.500,74980.499,74980.000,-9999.000
74980.500,74981.499,74981.000,-9999.000
74981.500,74982.499,74982.000,-9999.000
74982.500,74983.499,74983.000,-9999.000
74983.500,74984.499,74984.000,-9999.000
74984.500,74985.499,74985.000,-9999.000
74985.500,74986.499,74986.000,-9999.000
74986.500,74987.499,74987.000,-9999.000
74987.500,74988.499,74988.000,-9999.000
74988.500,74989.499,74989.000,-9999.000
74989.500,74990.499,74990.000,-9999.000
74990.500,74991.499,74991.000,-9999.000
74991.500,74992.499,74992.000,-9999.000
74992.500,74993.499,74993.000,-9999.000
74993.500,74994.499,74994.000,-9999.000
74994.500,74995.499,74995.000,-9999.000
74995.500,74996.499,74996.000,-9999.000
74996.500,74997.499,74997.000,-9999.000
74997.500,74998.499,74998.000,-9999.000
74998.500,74999.499,74999.000,-9999.000
74999.500,75000.499,75000.000,-9999.000
75000.500,75001.499,75001.000,-9999.000
75001.500,75002.499,75002.000,-9999.000
75002.500,75003.499,75003.000,-9999.000
75003.500,75004.499,75004.000,-9999.000
75004.500,75005.499,75005.000,-9999.000
75005.500,75006.499,75006.000,-9999.000
75006.500,75007.499,75007.000,-9999.000
75007.500,75008.499,75008.000,-9999.000
75008.500,75009.499,75009.000,-9999.000
75009.500,75010.499,75010.000,-9999.000
75010.500,75011.499,75011.000,-9999.000
75011.500,75012.499,75012.000,-9999.000
75012.500,75013.499,75013.000,-9999.000
75013.500,75014.499,75014.000,-9999.000
75014.500,75015.499,75015.000,-9999.000
75015.500,75016.499,75016.000,-9999.000
75016.500,75017.499,75017.000,-9999.000
75017.500,75018.499,75018.000,-9999.000
75018.500,75019.499,75019.000,-9999.000
75019.500,75020.499,75020.000,-9999.000
75020.500,75021.499,75021.000,-9999.000
75021.500,75022.499,75022.000,-9999.000
75022.500,75023.499,75023.000,-9999.000
75023.500,75024.499,75024.000,-9999.000
75024.500,75025.499,75025.000,-9999.000
75025.500,75026.499,75026.000,-9999.000
75026.500,75027.499,75027.000,-9999.000
75027.500,75028.499,75028.000,-9999.000
75028.500,75029.499,75029.000,-9999.000
75029.500,75030.499,75030.000,-9999.000
75030.500,75031.499,75031.000,-9999.000
75031.500,75032.499,75032.000,-9999.000
75032.500,75033.499,75033.000,-9999.000
75033.500,75034.499,75034.000,-9999.000
75034.500,75035.499,75035.000,-9999.000
75035.500,75036.499,75036.000,-9999.000
75036.500,75037.499,75037.000,-9999.000
75037.500,75038.499,75038.000,-9999.000
75038.500,75039.499,75039.000,-9999.000
75039.500,75040.499,75040.000,-9999.000
75040.500,75041.499,75041.000,-9999.000
75041.500,75042.499,75042.000,-9999.000
75042.500,75043.499,75043.000,-9999.000
75043.500,75044.499,75044.000,-9999.000
75044.500,75045.499,75045.000,-9999.000
75045.500,75046.499,75046.000,-9999.000
75046.500,75047.499,75047.000,-9999.000
75047.500,75048.499,75048.000,-9999.000
75048.500,75049.499,75049.000,-9999.000
75049.500,75050.499,75050.000,-9999.000
75050.500,75051.499,75051.000,-9999.000
75051.500,75052.499,75052.000,-9999.000
75052.500,75053.499,75053.000,-9999.000
75053.500,75054.499,75054.000,-9999.000
75054.500,75055.499,75055.000,-9999.000
75055.500,75056.499,75056.000,-9999.000
75056.500,75057.499,75057.000,-9999.000
