frappe-C2H6_C130_20140731_R1.ict
247,1001
Alan Fried, Petter Weibring, Dirk Richter and James Walega
The University of Colorado at Boulder - INSTAAR
Ethane on the NCAR C130 Employing the Compact Atmospheric Multi-species Spectrometer (CAMS) During FRAPPE
FRAPPE
1, 1
2014, 07, 31, 2015, 2, 2
0
C2H6_Start_SOD_UTC, secondsUTC, seconds since 00:00:00 UTC
8
1, 1, 1, 1, 1, 1, 1,1
-9999,-9999,-9999,-9999,-9999,-9999,-9999,-9999
C2H6_Stop_SOD_UTC, secondsUTC, seconds since 00:00:00 UTC
C2H6_Mid_SOD_UTC, secondsUTC, seconds since 00:00:00 UTC
C2H6_pptv, pptv, 1 second data or a longer averaging period as mixing ratio by volume
C2H6_sdev, pptv, 1 second standard deviation reported as fit precisions or standard deviation over averaging time period as mixing ratio by volume
C2H6_cnt, cnt, number of measurements in averaging period
C2H6_LOD_pptv, pptv, Limit of Detection
C2H6_SMU_pptv, pptv, Systematic Measurement Uncertainty
C2H6_TMU_pptv, pptv, Total Measurement Uncertainty
204

*****************  FRAPPE Experiment Colorado Deployment  *****************



Deployment:             July 2014 - August 2014

Aircraft:              The NCAR C130 Aircraft


*****************   USE OF THIS DATA REQUIRES   *****************


USERS OF THIS DATA ARE STRONGLY ENCOURAGED TO CONTACT THE EXPERIMENTERS,
AND ANY PRESENTATION OR PUBLICATION OF THE DATA CONTAINED IN THIS FILE
SHOULD ACKNOWLEDGE THE "UNIVERSITY OF COLORADO - INSTAAR"


*****************        Data Availability *****************

		RF01	20140726
		RF02	20140727
		RF03	20140728
		RF04	20140729
		RF05	20140731
		RF06	20140802
		RF07	20140803
		RF08	20140806
		RF09	20140807
		RF10	20140808
		RF11	20140811
		RF12	20140812
		RF13	20140815
		RF14	20140816
		RF15	20140818
    


*****************   Data Reported In This File  *****************

C2H6_Start_SOD_UTC   - Start time of averaging period (seconds since 00:00:00 UTC)
C2H6_Stop_SOD_UTC    - Stop  time of averaging period (seconds since 00:00:00 UTC)
C2H6_Mid_SOD_UTC     - Mid   time of averaging period (seconds since 00:00:00 UTC)
C2H6_pptv            - C2H6 mixing ratio              (pptv)
C2H6_sdev            - Standard deviation of measurements of C2H6 mixing ratio in averaging period, for 1 sec data this is the fit precision (pptv)
C2H6_cnt             - number of measurements in averaging period
C2H6_LOD_pptv        - 1 Sigma Limit of Detection                        (pptv)
C2H6_SMU_pptv        - 1 Sigma Systematic Measurement Uncertainty        (pptv)
C2H6_TMU_pptv        - 1 Sigma Total Measurement Uncertainty             (pptv)


*****************      Principal Investigator   *****************


                       Alan Fried
                       University of Colorado - INSTAAR
             mail:     1560 30th ST, 450 UCB, Boulder CO 80309
             shipping: 1560 30th ST, 450 UCB, Boulder CO 80309
             phone:    303-492-7559
             fax:      303-492-6388
             email:    alan.fried@colorado.edu

********************************************************************************

***  Difference Frequency Generation (DFG): Data Acquisition Frequency & Data Reduction

A room temperature tunable IR laser source based upon difference frequency
generation using two different laser pairs mixed in a non-linear crystal
[...]
employ these fit precisions in our uncertainty estimates in the present data sets.
Future use of these fit precisions must first await a more comprehensive study of the relationship
between fit and replicate precision estimates as a function of the ambient levels, including ambient
methanol levels. 

The overall total uncertainty was then derived by quadrature addition of
the systematic term with the LOD, both at the 1 sigma levels.
*****************************************************************************************************************************************

21

PI_CONTACT_INFO: Address: University of Colorado - INSTAAR, 1560 30th ST, 450 UCB, Boulder, CO 80309; email: alan.fried@colorado.edu; 303-492-7559
PLATFORM: NCAR C130 Aircraft
LOCATION: Latitude, longitude and elevation data are included in the data records.
ASSOCIATED_DATA: N/A
INSTRUMENT_INFO: CAMS
DATA_INFO: See Text
UNCERTAINTY: See Text
ULOD_FLAG: -77777777
ULOD_VALUE: N/A
LLOD_FLAG: -88888888
LLOD_VALUE: N/A
DM_CONTACT_INFO: N/A
PROJECT_INFO: FRAPPE
OTHER_COMMENTS: N/A
STIPULATIONS_ON_USE: USERS OF THIS DATA ARE STRONGLY ENCOURAGED TO CONTACT THE EXPERIMENTERS, AND ANY PRESENTATION OR PUBLICATION OF THE DATA CONTAINED IN THIS FILE SHOULD ACKNOWLEDGE THE "UNIVERSITY OF COLORADO - INSTAAR"
REVISION: R1
R0: time adjustment HAS NOT BEEN DONE, MeOH correction has been made
R1: New calibration for MeOH Standard so interferance adjusted, Fit precisions inadvertantly omitted in previous version are now included

C2H6_Start_SOD_UTC, C2H6_Stop_SOD_UTC, C2H6_Mid_SOD_UTC, C2H6_pptv, C2H6_sdev, C2H6_cnt, C2H6_LOD_pptv, C2H6_SMU_pptv, C2H6_TMU_pptv
[from data line 13151]
87832,87833,87832.50,1076,28,1,21,32,39
87833,87834,87833.50,1078,28,1,21,32,39
87834,87835,87834.50,1061,27,1,21,32,38
87835,87836,87835.50,1126,28,1,21,34,40
87836,87837,87836.50,1111,27,1,21,33,39
87837,87838,87837.50,1123,26,1,21,34,40
87838,87839,87838.50,1118,29,1,21,34,40
87839,87840,87839.50,1049,31,1,21,31,38
87840,87841,87840.50,1031,33,1,21,31,37
87841,87842,87841.50,1018,33,1,21,31,37
87842,87843,87842.50,978,31,1,21,29,36
87843,87844,87843.50,997,32,1,21,30,37
87844,87845,87844.50,1101,28,1,21,33,39
87845,87846,87845.50,1110,29,1,21,33,39
87846,87847,87846.50,1095,27,1,21,33,39
87847,87848,87847.50,1055,33,1,21,32,38
87848,87849,87848.50,1058,33,1,21,32,38
87849,87850,87849.50,1033,30,1,21,31,37
87850,87851,87850.50,974,33,1,21,29,36
87851,87852,87851.50,905,37,1,21,27,34
87852,87853,87852.50,847,39,1,21,25,33
87853,87854,87853.50,872,39,1,21,26,34
87854,87855,87854.50,865,40,1,21,26,33
87855,87856,87855.50,891,38,1,21,27,34
87894,87895,87894.50,1120,30,1,21,34,40
87895,87896,87895.50,1088,29,1,21,33,39
87896,87897,87896.50,1092,27,1,21,33,39
87897,87898,87897.50,1112,28,1,21,33,39
87898,87899,87898.50,1134,31,1,21,34,40
87899,87900,87899.50,1191,31,1,21,36,41
87900,87901,87900.50,1263,28,1,21,38,43
87901,87902,87901.50,1363,25,1,21,41,46
87902,87903,87902.50,1331,26,1,21,40,45
87903,87904,87903.50,1296,23,1,21,39,44
87904,87905,87904.50,1322,24,1,21,40,45
87905,87906,87905.50,1364,23,1,21,41,46
87906,87907,87906.50,1360,24,1,21,41,46
87907,87908,87907.50,1387,24,1,21,42,47
87908,87909,87908.50,1428,25,1,21,43,48
87909,87910,87909.50,1454,22,1,21,44,48
87910,87911,87910.50,1439,22,1,21,43,48
87911,87912,87911.50,1493,23,1,21,45,49
87912,87913,87912.50,1472,23,1,21,44,49
87913,87914,87913.50,1420,24,1,21,43,47
87914,87915,87914.50,1426,23,1,21,43,48
87915,87916,87915.50,1492,21,1,21,45,49
87916,87917,87916.50,1519,23,1,21,46,50
87917,87918,87917.50,1474,23,1,21,44,49
87918,87919,87918.50,1464,22,1,21,44,49
87919,87920,87919.50,1470,25,1,21,44,49
87920,87921,87920.50,1470,24,1,21,44,49
87921,87922,87921.50,1439,21,1,21,43,48
87922,87923,87922.50,1446,22,1,21,43,48
87923,87924,87923.50,1402,25,1,21,42,47
87924,87925,87924.50,1402,25,1,21,42,47
87925,87926,87925.50,1393,25,1,21,42,47
87926,87927,87926.50,1355,23,1,21,41,46
87927,87928,87927.50,1375,26,1,21,41,46
87928,87929,87928.50,1382,25,1,21,41,46
87929,87930,87929.50,1331,25,1,21,40,45
87930,87931,87930.50,1329,24,1,21,40,45
87931,87932,87931.50,1363,24,1,21,41,46
87932,87933,87932.50,1374,24,1,21,41,46
87933,87934,87933.50,1375,25,1,21,41,46
87934,87935,87934.50,1402,25,1,21,42,47
87935,87936,87935.50,1380,25,1,21,41,46
87936,87937,87936.50,1361,24,1,21,41,46
87937,87938,87937.50,1310,25,1,21,39,45
87938,87939,87938.50,1335,26,1,21,40,45
87939,87940,87939.50,1326,26,1,21,40,45
87940,87941,87940.50,1323,25,1,21,40,45
87941,87942,87941.50,1312,26,1,21,39,45
87942,87943,87942.50,1307,26,1,21,39,44
87943,87944,87943.50,1385,25,1,21,42,47
87944,87945,87944.50,1453,25,1,21,44,48
87945,87946,87945.50,1469,24,1,21,44,49
87946,87947,87946.50,1448,26,1,21,43,48
87947,87948,87947.50,1443,24,1,21,43,48
87948,87949,87948.50,1403,25,1,21,42,47
87949,87950,87949.50,1384,24,1,21,42,47
87950,87951,87950.50,1401,26,1,21,42,47
87951,87952,87951.50,1385,25,1,21,42,47
87952,87953,87952.50,1442,24,1,21,43,48
87953,87954,87953.50,1356,26,1,21,41,46
87954,87955,87954.50,1403,25,1,21,42,47
87955,87956,87955.50,1393,28,1,21,42,47
87956,87957,87956.50,1402,25,1,21,42,47
87957,87958,87957.50,1400,26,1,21,42,47
87958,87959,87958.50,1366,25,1,21,41,46
87959,87960,87959.50,1376,26,1,21,41,46
87960,87961,87960.50,1382,24,1,21,41,46
87961,87962,87961.50,1408,25,1,21,42,47
87962,87963,87962.50,1370,25,1,21,41,46
87963,87964,87963.50,1387,23,1,21,42,47
87964,87965,87964.50,1387,25,1,21,42,47
87965,87966,87965.50,1399,25,1,21,42,47
87966,87967,87966.50,1410,26,1,21,42,47
87967,87968,87967.50,1437,22,1,21,43,48
87968,87969,87968.50,1434,28,1,21,43,48
87969,87970,87969.50,1376,26,1,21,41,46
87970,87971,87970.50,1406,27,1,21,42,47
87971,87972,87971.50,1432,27,1,21,43,48
87972,87973,87972.50,1445,25,1,21,43,48
87973,87974,87973.50,1459,23,1,21,44,49
87974,87975,87974.50,1462,25,1,21,44,49
87975,87976,87975.50,1498,22,1,21,45,50
87976,87977,87976.50,1483,24,1,21,44,49
87977,87978,87977.50,1458,21,1,21,44,49
87978,87979,87978.50,1484,19,1,21,45,49
87979,87980,87979.50,1469,20,1,21,44,49
87980,87981,87980.50,1504,22,1,21,45,50
87981,87982,87981.50,1489,24,1,21,45,49
87982,87983,87982.50,1464,25,1,21,44,49
87983,87984,87983.50,1474,23,1,21,44,49
87984,87985,87984.50,1471,22,1,21,44,49
87985,87986,87985.50,1470,21,1,21,44,49
87986,87987,87986.50,1454,23,1,21,44,48
87987,87988,87987.50,1485,20,1,21,45,49
87988,87989,87988.50,1484,19,1,21,45,49
87989,87990,87989.50,1480,19,1,21,44,49
87990,87991,87990.50,1462,21,1,21,44,49
87991,87992,87991.50,1487,19,1,21,45,49
87992,87993,87992.50,1464,21,1,21,44,49
87993,87994,87993.50,1450,17,1,21,44,48
87994,87995,87994.50,1480,17,1,21,44,49
87995,87996,87995.50,1469,19,1,21,44,49
87996,87997,87996.50,1496,17,1,21,45,50
87997,87998,87997.50,1479,18,1,21,44,49
87998,87999,87998.50,1462,18,1,21,44,49
87999,88000,87999.50,1454,16,1,21,44,48
88000,88001,88000.50,1495,17,1,21,45,50
88001,88002,88001.50,1519,15,1,21,46,50
88002,88003,88002.50,1518,15,1,21,46,50
88003,88004,88003.50,1465,16,1,21,44,49
88004,88005,88004.50,1486,15,1,21,45,49
88005,88006,88005.50,1447,16,1,21,43,48
88006,88007,88006.50,1479,20,1,21,44,49
88007,88008,88007.50,1489,15,1,21,45,49
88008,88009,88008.50,1468,17,1,21,44,49
88009,88010,88009.50,1471,19,1,21,44,49
88010,88011,88010.50,1471,14,1,21,44,49
88011,88012,88011.50,1455,16,1,21,44,48
88012,88013,88012.50,1460,18,1,21,44,49
88013,88014,88013.50,1466,15,1,21,44,49
88014,88015,88014.50,1442,17,1,21,43,48
88015,88016,88015.50,1424,17,1,21,43,48
88016,88017,88016.50,1495,14,1,21,45,50
88017,88018,88017.50,1453,17,1,21,44,48
88018,88019,88018.50,1506,20,1,21,45,50
88019,88020,88019.50,1492,21,1,21,45,49
88020,88021,88020.50,1481,17,1,21,44,49
88021,88022,88021.50,1347,16,1,21,40,46
88022,88023,88022.50,1249,23,1,21,37,43
88023,88024,88023.50,1162,27,1,21,35,41
88024,88025,88024.50,1152,23,1,21,35,40
88025,88026,88025.50,1177,28,1,21,35,41
88026,88027,88026.50,1214,24,1,21,36,42
88027,88028,88027.50,1214,25,1,21,36,42
88028,88029,88028.50,1154,26,1,21,35,40
88029,88030,88029.50,1263,21,1,21,38,43
88030,88031,88030.50,1373,18,1,21,41,46
88031,88032,88031.50,1385,19,1,21,42,47
88032,88033,88032.50,1394,16,1,21,42,47
88033,88034,88033.50,1385,16,1,21,42,47
88034,88035,88034.50,1393,15,1,21,42,47
88035,88036,88035.50,1391,16,1,21,42,47
88036,88037,88036.50,1446,17,1,21,43,48
88037,88038,88037.50,1386,17,1,21,42,47
88038,88039,88038.50,1398,16,1,21,42,47
88039,88040,88039.50,1370,17,1,21,41,46
88040,88041,88040.50,1345,19,1,21,40,45
88041,88042,88041.50,1381,17,1,21,41,46
88042,88043,88042.50,1373,17,1,21,41,46
88043,88044,88043.50,1309,23,1,21,39,45
88044,88045,88044.50,1267,21,1,21,38,43
88045,88046,88045.50,1299,20,1,21,39,44
88046,88047,88046.50,1388,18,1,21,42,47
88047,88048,88047.50,1431,15,1,21,43,48
88048,88049,88048.50,1484,16,1,21,45,49
88049,88050,88049.50,1472,14,1,21,44,49
88050,88051,88050.50,1474,13,1,21,44,49
88051,88052,88051.50,1392,14,1,21,42,47
88052,88053,88052.50,1398,15,1,21,42,47
88053,88054,88053.50,1311,15,1,21,39,45
88054,88055,88054.50,1324,16,1,21,40,45
88055,88056,88055.50,1375,13,1,21,41,46
88056,88057,88056.50,1398,12,1,21,42,47
88057,88058,88057.50,1426,15,1,21,43,48
88058,88059,88058.50,1427,13,1,21,43,48
88059,88060,88059.50,1445,14,1,21,43,48
88060,88061,88060.50,1471,14,1,21,44,49
88061,88062,88061.50,1503,10,1,21,45,50
88062,88063,88062.50,1464,12,1,21,44,49
88063,88064,88063.50,1495,15,1,21,45,50
88064,88065,88064.50,1489,10,1,21,45,49
88065,88066,88065.50,1459,14,1,21,44,49
88066,88067,88066.50,1471,14,1,21,44,49
88067,88068,88067.50,1482,16,1,21,44,49
88068,88069,88068.50,1560,16,1,21,47,51
88069,88070,88069.50,1593,16,1,21,48,52
88070,88071,88070.50,1602,19,1,21,48,52
88071,88072,88071.50,1652,19,1,21,50,54
88072,88073,88072.50,1682,19,1,21,50,55
88073,88074,88073.50,1666,24,1,21,50,54
88074,88075,88074.50,1680,23,1,21,50,55
88075,88076,88075.50,1664,21,1,21,50,54
88076,88077,88076.50,1690,22,1,21,51,55
88077,88078,88077.50,1686,22,1,21,51,55
88078,88079,88078.50,1715,21,1,21,51,56
88079,88080,88079.50,1745,23,1,21,52,56
88080,88081,88080.50,1712,21,1,21,51,55
88081,88082,88081.50,1714,19,1,21,51,56
88082,88083,88082.50,1728,21,1,21,52,56
88083,88084,88083.50,1725,20,1,21,52,56
88084,88085,88084.50,1699,21,1,21,51,55
88085,88086,88085.50,1702,22,1,21,51,55
88086,88087,88086.50,1687,24,1,21,51,55
88087,88088,88087.50,1686,22,1,21,51,55
88088,88089,88088.50,1649,23,1,21,49,54
88089,88090,88089.50,1628,25,1,21,49,53
88090,88091,88090.50,1675,23,1,21,50,54
88091,88092,88091.50,1667,22,1,21,50,54
88092,88093,88092.50,1650,22,1,21,50,54
88093,88094,88093.50,1688,26,1,21,51,55
88094,88095,88094.50,1656,24,1,21,50,54
88095,88096,88095.50,1633,22,1,21,49,53
88096,88097,88096.50,1663,20,1,21,50,54
88097,88098,88097.50,1659,20,1,21,50,54
88098,88099,88098.50,1670,22,1,21,50,54
88099,88100,88099.50,1650,22,1,21,50,54
88100,88101,88100.50,1716,22,1,21,51,56
88101,88102,88101.50,1742,21,1,21,52,56
88102,88103,88102.50,1744,19,1,21,52,56
88103,88104,88103.50,1719,20,1,21,52,56
88104,88105,88104.50,1721,18,1,21,52,56
88105,88106,88105.50,1690,20,1,21,51,55
88106,88107,88106.50,1699,16,1,21,51,55
88107,88108,88107.50,1707,17,1,21,51,55
88108,88109,88108.50,1704,16,1,21,51,55
88109,88110,88109.50,1701,17,1,21,51,55
88110,88111,88110.50,1698,17,1,21,51,55
88111,88112,88111.50,1713,18,1,21,51,56
88112,88113,88112.50,1736,19,1,21,52,56
88113,88114,88113.50,1743,18,1,21,52,56
88114,88115,88114.50,1723,18,1,21,52,56
88115,88116,88115.50,1723,23,1,21,52,56
88116,88117,88116.50,1685,22,1,21,51,55
88117,88118,88117.50,1704,20,1,21,51,55
88118,88119,88118.50,1691,21,1,21,51,55
88119,88120,88119.50,1687,20,1,21,51,55
88120,88121,88120.50,1645,19,1,21,49,54
88121,88122,88121.50,1655,23,1,21,50,54
88122,88123,88122.50,1664,22,1,21,50,54
88123,88124,88123.50,1693,25,1,21,51,55
88124,88125,88124.50,1729,23,1,21,52,56
88125,88126,88125.50,1698,22,1,21,51,55
88126,88127,88126.50,1720,22,1,21,52,56
88127,88128,88127.50,1699,23,1,21,51,55
88128,88129,88128.50,1699,21,1,21,51,55
88129,88130,88129.50,1653,20,1,21,50,54
88130,88131,88130.50,1684,24,1,21,51,55
88131,88132,88131.50,1683,21,1,21,50,55
88132,88133,88132.50,1712,24,1,21,51,55
88133,88134,88133.50,1718,20,1,21,52,56
88134,88135,88134.50,1691,23,1,21,51,55
88135,88136,88135.50,1693,23,1,21,51,55
88136,88137,88136.50,1663,23,1,21,50,54
88137,88138,88137.50,1637,23,1,21,49,53
88138,88139,88138.50,1643,20,1,21,49,54
88139,88140,88139.50,1655,19,1,21,50,54
88140,88141,88140.50,1685,22,1,21,51,55
88141,88142,88141.50,1710,22,1,21,51,55
88142,88143,88142.50,1758,23,1,21,53,57
88143,88144,88143.50,1743,20,1,21,52,56
88144,88145,88144.50,1775,20,1,21,53,57
88145,88146,88145.50,1752,21,1,21,53,57
88146,88147,88146.50,1762,22,1,21,53,57
88147,88148,88147.50,1763,21,1,21,53,57
88148,88149,88148.50,1771,23,1,21,53,57
88149,88150,88149.50,1734,20,1,21,52,56
88150,88151,88150.50,1725,19,1,21,52,56
88151,88152,88151.50,1732,18,1,21,52,56
88152,88153,88152.50,1704,21,1,21,51,55
88153,88154,88153.50,1714,21,1,21,51,56
88154,88155,88154.50,1690,21,1,21,51,55
88155,88156,88155.50,1698,20,1,21,51,55
88156,88157,88156.50,1695,21,1,21,51,55
88157,88158,88157.50,1686,22,1,21,51,55
88158,88159,88158.50,1684,21,1,21,51,55
88159,88160,88159.50,1644,21,1,21,49,54
88160,88161,88160.50,1671,20,1,21,50,54
88161,88162,88161.50,1648,23,1,21,49,54
88162,88163,88162.50,1670,23,1,21,50,54
88163,88164,88163.50,1648,22,1,21,49,54
88164,88165,88164.50,1689,24,1,21,51,55
88165,88166,88165.50,1680,22,1,21,50,55
88166,88167,88166.50,1705,23,1,21,51,55
88167,88168,88167.50,1679,24,1,21,50,55
88168,88169,88168.50,1697,23,1,21,51,55
88169,88170,88169.50,1701,23,1,21,51,55
88170,88171,88170.50,1662,25,1,21,50,54
88171,88172,88171.50,1658,25,1,21,50,54
88172,88173,88172.50,1591,26,1,21,48,52
88173,88174,88173.50,1606,25,1,21,48,53
88212,88213,88212.50,1616,23,1,21,48,53
88213,88214,88213.50,1606,26,1,21,48,53
88214,88215,88214.50,1558,26,1,21,47,51
88215,88216,88215.50,1561,26,1,21,47,51
88216,88217,88216.50,1540,24,1,21,46,51
88217,88218,88217.50,1506,25,1,21,45,50
88218,88219,88218.50,1579,22,1,21,47,52
88219,88220,88219.50,1578,25,1,21,47,52
88220,88221,88220.50,1624,26,1,21,49,53
88221,88222,88221.50,1612,25,1,21,48,53
88222,88223,88222.50,1614,27,1,21,48,53
88223,88224,88223.50,1607,31,1,21,48,53
88224,88225,88224.50,1601,26,1,21,48,52
88225,88226,88225.50,1577,28,1,21,47,52
88226,88227,88226.50,1580,26,1,21,47,52
88227,88228,88227.50,1562,26,1,21,47,51
88228,88229,88228.50,1613,28,1,21,48,53
88229,88230,88229.50,1614,25,1,21,48,53
88230,88231,88230.50,1604,27,1,21,48,53
88231,88232,88231.50,1627,27,1,21,49,53
88232,88233,88232.50,1608,27,1,21,48,53
88233,88234,88233.50,1630,22,1,21,49,53
88234,88235,88234.50,1592,29,1,21,48,52
88235,88236,88235.50,1602,28,1,21,48,52
88236,88237,88236.50,1609,28,1,21,48,53
88237,88238,88237.50,1606,23,1,21,48,53
88238,88239,88238.50,1579,29,1,21,47,52
88239,88240,88239.50,1580,24,1,21,47,52
88240,88241,88240.50,1591,21,1,21,48,52
88241,88242,88241.50,1569,24,1,21,47,52
88242,88243,88242.50,1592,22,1,21,48,52
88243,88244,88243.50,1602,21,1,21,48,52
88244,88245,88244.50,1581,23,1,21,47,52
88245,88246,88245.50,1569,21,1,21,47,52
88246,88247,88246.50,1558,20,1,21,47,51
88247,88248,88247.50,1563,23,1,21,47,51
88248,88249,88248.50,1547,22,1,21,46,51
88249,88250,88249.50,1559,20,1,21,47,51
88250,88251,88250.50,1588,21,1,21,48,52
88251,88252,88251.50,1612,22,1,21,48,53
88252,88253,88252.50,1562,18,1,21,47,51
88253,88254,88253.50,1558,19,1,21,47,51
88254,88255,88254.50,1542,19,1,21,46,51
88255,88256,88255.50,1531,17,1,21,46,51
88256,88257,88256.50,1542,20,1,21,46,51
88257,88258,88257.50,1525,18,1,21,46,50
88258,88259,88258.50,1555,18,1,21,47,51
88259,88260,88259.50,1531,19,1,21,46,51
88260,88261,88260.50,1549,17,1,21,46,51
88261,88262,88261.50,1519,18,1,21,46,50
88262,88263,88262.50,1534,19,1,21,46,51
88263,88264,88263.50,1516,20,1,21,45,50
88264,88265,88264.50,1532,20,1,21,46,51
88265,88266,88265.50,1560,19,1,21,47,51
88266,88267,88266.50,1524,20,1,21,46,50
88267,88268,88267.50,1519,23,1,21,46,50
88268,88269,88268.50,1509,22,1,21,45,50
88269,88270,88269.50,1546,23,1,21,46,51
88270,88271,88270.50,1525,22,1,21,46,50
88271,88272,88271.50,1505,22,1,21,45,50
88272,88273,88272.50,1504,25,1,21,45,50
88273,88274,88273.50,1534,22,1,21,46,51
88274,88275,88274.50,1521,22,1,21,46,50
88275,88276,88275.50,1556,20,1,21,47,51
88276,88277,88276.50,1546,19,1,21,46,51
88277,88278,88277.50,1536,17,1,21,46,51
88278,88279,88278.50,1519,22,1,21,46,50
88279,88280,88279.50,1544,20,1,21,46,51
88280,88281,88280.50,1544,17,1,21,46,51
88281,88282,88281.50,1577,20,1,21,47,52
88282,88283,88282.50,1521,22,1,21,46,50
88283,88284,88283.50,1542,22,1,21,46,51
88284,88285,88284.50,1544,20,1,21,46,51
88285,88286,88285.50,1540,19,1,21,46,51
88286,88287,88286.50,1599,21,1,21,48,52
88287,88288,88287.50,1623,25,1,21,49,53
88288,88289,88288.50,1630,23,1,21,49,53
88289,88290,88289.50,1617,22,1,21,49,53
88290,88291,88290.50,1603,24,1,21,48,52
88291,88292,88291.50,1605,25,1,21,48,53
88292,88293,88292.50,1610,21,1,21,48,53
88293,88294,88293.50,1595,21,1,21,48,52
88294,88295,88294.50,1606,22,1,21,48,53
88295,88296,88295.50,1567,20,1,21,47,51
88296,88297,88296.50,1585,23,1,21,48,52
88297,88298,88297.50,1530,18,1,21,46,50
88298,88299,88298.50,1522,20,1,21,46,50
88299,88300,88299.50,1599,17,1,21,48,52
88300,88301,88300.50,1590,18,1,21,48,52
88301,88302,88301.50,1547,17,1,21,46,51
88302,88303,88302.50,1549,17,1,21,46,51
88303,88304,88303.50,1559,19,1,21,47,51
88304,88305,88304.50,1534,19,1,21,46,51
88305,88306,88305.50,1543,20,1,21,46,51
88306,88307,88306.50,1592,21,1,21,48,52
