FRAPPE-NONO2O3_C130_20140731_R0.ict
38, 1001
Weinheimer, A.J.; Montzka, D.D.
National Center for Atmospheric Research
C130 in situ NO, NO2, O3
FRAPPE
 1, 1
2014, 07, 31,  2015, 04, 11
0.0
StartTime_UTsec, seconds, Start Time in UT seconds
5
1.0, 1.0, 1.0, 1.0, 1.0
-999999.9, -999999.9, -999999.9, -999999.9, -999999.9
StopTime_UTsec, seconds, Stop Time in UT seconds
MidTime_UTsec, seconds, Midpoint Time in UT seconds
NO_pptv, pptv, Nitric Oxide Mixing Ratio
NO2_pptv, pptv, Nitrogen Dioxide Mixing Ratio
O3_ppbv, ppbv, Ozone Mixing Ratio
0
19
PI_CONTACT_INFO:  wein@ucar.edu, 303-497-1444, NCAR, 1850 Table Mesa Dr., Boulder, CO   80305
PLATFORM:  NSF/NCAR C130 Aircraft
LOCATION:  Latitude, Longitude, and Altitude of the C130 can be obtained from other files
ASSOCIATED_DATA: N/A
INSTRUMENT_INFO: 2-channel chemiluminescence instrument for NO-NO2 & 1-channel instrument for O3, integrated
DATA_INFO:  N/A
UNCERTAINTY:  (20 pptv + 10%) for NO, (40 pptv + 15%) for NO2, (3 ppbv + 5%) for O3
ULOD_FLAG: -7777
ULOD_VALUE: N/A
LLOD_FLAG: -8888
LLOD_VALUE: N/A;
DM_CONTACT_INFO:  N/A
PROJECT_INFO: N/A
STIPULATIONS_ON_USE:  Users are encouraged to contact PI.
OTHER_COMMENTS: N/A
REVISION: R0
R0:  Final data.
RA:  Initial archival, quick-look.  Approximate calibration factors (zeroes, sensitivities, artifact); some hardwired to constants.
StartTime_UTsec, StopTime_UTsec, MidTime_UTsec, NO_pptv, NO2_pptv, O3_ppbv
[from data line 9367]
81066.5, 81067.5, 81067.0, -999999.9, -999999.9, 7.4663e+01
81067.5, 81068.5, 81068.0, -999999.9, -999999.9, 7.4685e+01
81068.5, 81069.5, 81069.0, -999999.9, -999999.9, 7.5018e+01
81069.5, 81070.5, 81070.0, -999999.9, -999999.9, 7.5080e+01
81070.5, 81071.5, 81071.0, -999999.9, -999999.9, 7.4937e+01
81071.5, 81072.5, 81072.0, -999999.9, -999999.9, 7.4765e+01
81072.5, 81073.5, 81073.0, -999999.9, -999999.9, 7.5186e+01
81073.5, 81074.5, 81074.0, -999999.9, -999999.9, 7.4677e+01
81074.5, 81075.5, 81075.0, -999999.9, -999999.9, 7.4543e+01
81075.5, 81076.5, 81076.0, -999999.9, -999999.9, 7.4408e+01
81076.5, 81077.5, 81077.0, -999999.9, -999999.9, 7.4380e+01
81077.5, 81078.5, 81078.0, -999999.9, -999999.9, 7.4251e+01
81078.5, 81079.5, 81079.0, -999999.9, -999999.9, 7.5789e+01
81079.5, 81080.5, 81080.0, -999999.9, -999999.9, 7.5691e+01
81080.5, 81081.5, 81081.0, -999999.9, -999999.9, 7.4766e+01
81081.5, 81082.5, 81082.0, -999999.9, -999999.9, 7.4703e+01
81082.5, 81083.5, 81083.0, -999999.9, -999999.9, 7.5836e+01
81083.5, 81084.5, 81084.0, -999999.9, -999999.9, 7.5020e+01
81084.5, 81085.5, 81085.0, -999999.9, -999999.9, 7.5045e+01
81085.5, 81086.5, 81086.0, -999999.9, -999999.9, 7.5327e+01
81086.5, 81087.5, 81087.0, -999999.9, -999999.9, 7.5699e+01
81087.5, 81088.5, 81088.0, -999999.9, -999999.9, 7.4718e+01
81088.5, 81089.5, 81089.0, -999999.9, -999999.9, 7.4887e+01
81089.5, 81090.5, 81090.0, -999999.9, -999999.9, 7.5073e+01
81090.5, 81091.5, 81091.0, -999999.9, -999999.9, 7.5095e+01
81091.5, 81092.5, 81092.0, -999999.9, -999999.9, 7.4550e+01
81092.5, 81093.5, 81093.0, -999999.9, -999999.9, 7.4765e+01
81093.5, 81094.5, 81094.0, -999999.9, -999999.9, 7.5395e+01
81094.5, 81095.5, 81095.0, -999999.9, -999999.9, 7.4719e+01
81095.5, 81096.5, 81096.0, -999999.9, -999999.9, 7.4340e+01
81096.5, 81097.5, 81097.0, -999999.9, -999999.9, 7.3928e+01
81097.5, 81098.5, 81098.0, -999999.9, -999999.9, 7.3663e+01
81098.5, 81099.5, 81099.0, -999999.9, -999999.9, 7.4086e+01
81099.5, 81100.5, 81100.0, -999999.9, -999999.9, 7.3642e+01
81100.5, 81101.5, 81101.0, -999999.9, -999999.9, 7.4053e+01
81101.5, 81102.5, 81102.0, -999999.9, -999999.9, 7.3851e+01
81102.5, 81103.5, 81103.0, -999999.9, -999999.9, 7.4497e+01
81103.5, 81104.5, 81104.0, -999999.9, -999999.9, 7.4515e+01
81104.5, 81105.5, 81105.0, -999999.9, -999999.9, 7.4555e+01
81105.5, 81106.5, 81106.0, -999999.9, -999999.9, 7.4323e+01
81106.5, 81107.5, 81107.0, -999999.9, -999999.9, 7.3989e+01
81107.5, 81108.5, 81108.0, -999999.9, -999999.9, 7.3630e+01
81108.5, 81109.5, 81109.0, -999999.9, -999999.9, 7.3352e+01
81109.5, 81110.5, 81110.0, -999999.9, -999999.9, 7.3177e+01
81110.5, 81111.5, 81111.0, -999999.9, -999999.9, 7.2859e+01
81111.5, 81112.5, 81112.0, -999999.9, -999999.9, 7.3440e+01
81112.5, 81113.5, 81113.0, -999999.9, -999999.9, 7.3742e+01
81113.5, 81114.5, 81114.0, -999999.9, -999999.9, 7.3134e+01
81114.5, 81115.5, 81115.0, -999999.9, -999999.9, 7.3682e+01
81115.5, 81116.5, 81116.0, -999999.9, -999999.9, 7.3872e+01
81116.5, 81117.5, 81117.0, -999999.9, -999999.9, 7.4176e+01
81117.5, 81118.5, 81118.0, -999999.9, -999999.9, 7.1949e+01
81118.5, 81119.5, 81119.0, -999999.9, -999999.9, 7.3499e+01
81119.5, 81120.5, 81120.0, -999999.9, -999999.9, 7.2886e+01
81120.5, 81121.5, 81121.0, -999999.9, -999999.9, 7.3225e+01
81121.5, 81122.5, 81122.0, -999999.9, -999999.9, 7.3012e+01
81122.5, 81123.5, 81123.0, -999999.9, -999999.9, 7.3100e+01
81123.5, 81124.5, 81124.0, -999999.9, -999999.9, 7.3427e+01
81124.5, 81125.5, 81125.0, -999999.9, -999999.9, 7.3332e+01
81125.5, 81126.5, 81126.0, -999999.9, -999999.9, 7.3099e+01
81126.5, 81127.5, 81127.0, -999999.9, -999999.9, 7.3492e+01
81127.5, 81128.5, 81128.0, -999999.9, -999999.9, 7.3528e+01
81128.5, 81129.5, 81129.0, -999999.9, -999999.9, 7.3393e+01
81129.5, 81130.5, 81130.0, -999999.9, -999999.9, 7.3999e+01
81130.5, 81131.5, 81131.0, -999999.9, -999999.9, 7.4180e+01
81131.5, 81132.5, 81132.0, -999999.9, -999999.9, 7.3650e+01
81132.5, 81133.5, 81133.0, -999999.9, -999999.9, 7.3832e+01
81133.5, 81134.5, 81134.0, -999999.9, -999999.9, 7.3559e+01
81134.5, 81135.5, 81135.0, -999999.9, -999999.9, 7.3838e+01
81135.5, 81136.5, 81136.0, -999999.9, -999999.9, 7.4239e+01
81136.5, 81137.5, 81137.0, -999999.9, -999999.9, 7.3227e+01
81137.5, 81138.5, 81138.0, -999999.9, -999999.9, 7.3112e+01
81138.5, 81139.5, 81139.0, -999999.9, -999999.9, 7.3051e+01
81139.5, 81140.5, 81140.0, -999999.9, -999999.9, 7.3489e+01
81140.5, 81141.5, 81141.0, -999999.9, -999999.9, 7.4577e+01
81141.5, 81142.5, 81142.0, -999999.9, -999999.9, 7.4457e+01
81142.5, 81143.5, 81143.0, -999999.9, -999999.9, 7.4662e+01
81143.5, 81144.5, 81144.0, -999999.9, -999999.9, 7.4811e+01
81144.5, 81145.5, 81145.0, -999999.9, -999999.9, 7.4967e+01
81145.5, 81146.5, 81146.0, -999999.9, -999999.9, 7.5121e+01
81146.5, 81147.5, 81147.0, -999999.9, -999999.9, 7.5522e+01
81147.5, 81148.5, 81148.0, -999999.9, -999999.9, 7.5246e+01
81148.5, 81149.5, 81149.0, -999999.9, -999999.9, 7.5610e+01
81149.5, 81150.5, 81150.0, -999999.9, -999999.9, 7.5655e+01
81150.5, 81151.5, 81151.0, -999999.9, -999999.9, 7.5591e+01
81151.5, 81152.5, 81152.0, -999999.9, -999999.9, 7.5628e+01
81152.5, 81153.5, 81153.0, -999999.9, -999999.9, 7.4977e+01
81153.5, 81154.5, 81154.0, -999999.9, -999999.9, 7.5291e+01
81154.5, 81155.5, 81155.0, -999999.9, -999999.9, 7.5111e+01
81155.5, 81156.5, 81156.0, -999999.9, -999999.9, 7.5013e+01
81156.5, 81157.5, 81157.0, -999999.9, -999999.9, 7.5386e+01
81157.5, 81158.5, 81158.0, -999999.9, -999999.9, 7.5998e+01
81158.5, 81159.5, 81159.0, -999999.9, -999999.9, 7.6284e+01
81159.5, 81160.5, 81160.0, -999999.9, -999999.9, 7.6490e+01
81160.5, 81161.5, 81161.0, -999999.9, -999999.9, 7.6435e+01
81161.5, 81162.5, 81162.0, -999999.9, -999999.9, 7.5868e+01
81162.5, 81163.5, 81163.0, -999999.9, -999999.9, 7.6203e+01
81163.5, 81164.5, 81164.0, -999999.9, -999999.9, 7.6276e+01
81164.5, 81165.5, 81165.0, -999999.9, -999999.9, 7.6668e+01
81165.5, 81166.5, 81166.0, -999999.9, -999999.9, 7.6482e+01
81166.5, 81167.5, 81167.0, -999999.9, -999999.9, 7.6174e+01
81167.5, 81168.5, 81168.0, -999999.9, -999999.9, 7.6668e+01
81168.5, 81169.5, 81169.0, -999999.9, -999999.9, 7.6660e+01
81169.5, 81170.5, 81170.0, -999999.9, -999999.9, 7.6595e+01
81170.5, 81171.5, 81171.0, -999999.9, -999999.9, 7.6577e+01
81171.5, 81172.5, 81172.0, -999999.9, -999999.9, 7.6606e+01
81172.5, 81173.5, 81173.0, -999999.9, -999999.9, 7.6671e+01
81173.5, 81174.5, 81174.0, -999999.9, -999999.9, 7.7110e+01
81174.5, 81175.5, 81175.0, -999999.9, -999999.9, 7.7065e+01
81175.5, 81176.5, 81176.0, -999999.9, -999999.9, 7.7574e+01
81176.5, 81177.5, 81177.0, -999999.9, -999999.9, 7.7370e+01
81177.5, 81178.5, 81178.0, -999999.9, -999999.9, 7.7369e+01
81178.5, 81179.5, 81179.0, -999999.9, -999999.9, 7.7392e+01
81179.5, 81180.5, 81180.0, -999999.9, -999999.9, 7.7521e+01
81180.5, 81181.5, 81181.0, -999999.9, -999999.9, 7.6952e+01
81181.5, 81182.5, 81182.0, -999999.9, -999999.9, 7.6683e+01
81182.5, 81183.5, 81183.0, -999999.9, -999999.9, 7.6022e+01
81183.5, 81184.5, 81184.0, -999999.9, -999999.9, 7.6635e+01
81184.5, 81185.5, 81185.0, -999999.9, -999999.9, 7.5123e+01
81185.5, 81186.5, 81186.0, -999999.9, -999999.9, 7.5370e+01
81186.5, 81187.5, 81187.0, -999999.9, -999999.9, 7.5656e+01
81187.5, 81188.5, 81188.0, -999999.9, -999999.9, 7.5321e+01
81188.5, 81189.5, 81189.0, -999999.9, -999999.9, 7.5358e+01
81189.5, 81190.5, 81190.0, -999999.9, -999999.9, 7.4092e+01
81190.5, 81191.5, 81191.0, -999999.9, -999999.9, 7.3634e+01
81191.5, 81192.5, 81192.0, -999999.9, -999999.9, 7.3643e+01
81192.5, 81193.5, 81193.0, -999999.9, -999999.9, 7.3912e+01
81193.5, 81194.5, 81194.0, -999999.9, -999999.9, 7.4948e+01
81194.5, 81195.5, 81195.0, -999999.9, -999999.9, 7.5068e+01
81195.5, 81196.5, 81196.0, -999999.9, -999999.9, 7.5600e+01
81196.5, 81197.5, 81197.0, -999999.9, -999999.9, 7.5344e+01
81197.5, 81198.5, 81198.0, -999999.9, -999999.9, 7.4862e+01
81198.5, 81199.5, 81199.0, -999999.9, -999999.9, 7.4918e+01
81199.5, 81200.5, 81200.0, -999999.9, -999999.9, 7.5364e+01
81200.5, 81201.5, 81201.0, -999999.9, -999999.9, 7.4552e+01
81201.5, 81202.5, 81202.0, -999999.9, -999999.9, 7.4125e+01
81202.5, 81203.5, 81203.0, -999999.9, -999999.9, 7.4776e+01
81203.5, 81204.5, 81204.0, -999999.9, -999999.9, 7.4010e+01
81204.5, 81205.5, 81205.0, -999999.9, -999999.9, 7.4765e+01
81205.5, 81206.5, 81206.0, -999999.9, -999999.9, 7.4995e+01
81206.5, 81207.5, 81207.0, -999999.9, -999999.9, 7.5058e+01
81207.5, 81208.5, 81208.0, -999999.9, -999999.9, 7.4679e+01
81208.5, 81209.5, 81209.0, -999999.9, -999999.9, 7.5128e+01
81209.5, 81210.5, 81210.0, -999999.9, -999999.9, 7.5064e+01
81210.5, 81211.5, 81211.0, -999999.9, -999999.9, 7.5105e+01
81211.5, 81212.5, 81212.0, -999999.9, -999999.9, 7.5043e+01
81212.5, 81213.5, 81213.0, -999999.9, -999999.9, 7.5283e+01
81213.5, 81214.5, 81214.0, -999999.9, -999999.9, 7.5142e+01
81214.5, 81215.5, 81215.0, -999999.9, -999999.9, 7.5135e+01
81215.5, 81216.5, 81216.0, -999999.9, -999999.9, 7.5098e+01
81216.5, 81217.5, 81217.0, -999999.9, -999999.9, 7.4963e+01
81217.5, 81218.5, 81218.0, -999999.9, -999999.9, 7.5085e+01
81218.5, 81219.5, 81219.0, -999999.9, -999999.9, 7.5128e+01
81219.5, 81220.5, 81220.0, -999999.9, -999999.9, 7.4782e+01
81220.5, 81221.5, 81221.0, -999999.9, -999999.9, 7.4505e+01
81221.5, 81222.5, 81222.0, -999999.9, -999999.9, 7.3737e+01
81222.5, 81223.5, 81223.0, -999999.9, -999999.9, 7.3465e+01
81223.5, 81224.5, 81224.0, -999999.9, -999999.9, 7.3667e+01
81224.5, 81225.5, 81225.0, -999999.9, -999999.9, 7.4141e+01
81225.5, 81226.5, 81226.0, -999999.9, -999999.9, 7.4356e+01
81226.5, 81227.5, 81227.0, -999999.9, -999999.9, 7.4207e+01
81227.5, 81228.5, 81228.0, -999999.9, -999999.9, 7.4169e+01
81228.5, 81229.5, 81229.0, -999999.9, -999999.9, 7.4663e+01
81229.5, 81230.5, 81230.0, -999999.9, -999999.9, 7.4600e+01
81230.5, 81231.5, 81231.0, -999999.9, -999999.9, 7.4831e+01
81231.5, 81232.5, 81232.0, -999999.9, -999999.9, 7.4894e+01
81232.5, 81233.5, 81233.0, -999999.9, -999999.9, 7.4141e+01
81233.5, 81234.5, 81234.0, -999999.9, -999999.9, 7.1602e+01
81234.5, 81235.5, 81235.0, -999999.9, -999999.9, 7.3192e+01
81235.5, 81236.5, 81236.0, -999999.9, -999999.9, 7.1538e+01
81236.5, 81237.5, 81237.0, -999999.9, -999999.9, 7.1578e+01
81237.5, 81238.5, 81238.0, -999999.9, -999999.9, 7.3262e+01
81238.5, 81239.5, 81239.0, -999999.9, -999999.9, 7.3576e+01
81239.5, 81240.5, 81240.0, 9.0563e+02, 3.2588e+03, 7.3709e+01
81240.5, 81241.5, 81241.0, 8.0365e+02, 2.8681e+03, 7.4506e+01
81241.5, 81242.5, 81242.0, 6.8632e+02, 2.4906e+03, 7.4901e+01
81242.5, 81243.5, 81243.0, 9.2393e+02, 4.1216e+03, 7.1732e+01
81243.5, 81244.5, 81244.0, 1.4015e+03, 4.7406e+03, 7.1872e+01
81244.5, 81245.5, 81245.0, 1.7555e+03, 7.0388e+03, 7.0553e+01
81245.5, 81246.5, 81246.0, 1.8244e+03, 6.0490e+03, 7.3891e+01
81246.5, 81247.5, 81247.0, 1.0093e+03, 3.1437e+03, 7.5284e+01
81247.5, 81248.5, 81248.0, 7.3180e+02, 2.6959e+03, 7.5134e+01
81248.5, 81249.5, 81249.0, 6.4894e+02, 2.4153e+03, 7.6313e+01
81249.5, 81250.5, 81250.0, 5.3881e+02, 1.9929e+03, 7.6468e+01
81250.5, 81251.5, 81251.0, 5.2256e+02, 1.9817e+03, 7.5994e+01
81251.5, 81252.5, 81252.0, 4.6699e+02, 1.9141e+03, 7.5974e+01
81252.5, 81253.5, 81253.0, 4.1614e+02, 1.8292e+03, 7.6402e+01
81253.5, 81254.5, 81254.0, 4.0546e+02, 2.2592e+03, 7.5257e+01
81254.5, 81255.5, 81255.0, 5.5717e+02, 3.3753e+03, 7.4902e+01
81255.5, 81256.5, 81256.0, 5.5895e+02, 4.1941e+03, 7.2410e+01
81256.5, 81257.5, 81257.0, 7.6972e+02, 4.5431e+03, 7.4773e+01
81257.5, 81258.5, 81258.0, 4.6712e+02, 2.8735e+03, 7.5564e+01
81258.5, 81259.5, 81259.0, 4.7851e+02, 2.8381e+03, 7.4563e+01
81259.5, 81260.5, 81260.0, 7.6615e+02, 2.8723e+03, 7.5340e+01
81260.5, 81261.5, 81261.0, 7.1512e+02, 2.8412e+03, 7.5442e+01
81261.5, 81262.5, 81262.0, 6.3460e+02, 2.2196e+03, 7.6285e+01
81262.5, 81263.5, 81263.0, 4.3536e+02, 1.6577e+03, 7.6210e+01
81263.5, 81264.5, 81264.0, 3.6690e+02, 1.8013e+03, 7.5028e+01
81264.5, 81265.5, 81265.0, 4.1310e+02, 2.7263e+03, 7.5583e+01
81265.5, 81266.5, 81266.0, 2.9724e+02, 1.9299e+03, 7.6302e+01
81266.5, 81267.5, 81267.0, 2.3071e+02, 1.5861e+03, 7.6196e+01
81267.5, 81268.5, 81268.0, 2.6998e+02, 1.4867e+03, 7.6098e+01
81268.5, 81269.5, 81269.0, 3.1146e+02, 1.3368e+03, 7.6704e+01
81269.5, 81270.5, 81270.0, 3.3427e+02, 1.3990e+03, 7.6782e+01
81270.5, 81271.5, 81271.0, 4.1502e+02, 1.7614e+03, 7.5241e+01
81271.5, 81272.5, 81272.0, 5.1940e+02, 2.0562e+03, 7.5384e+01
81272.5, 81273.5, 81273.0, 5.0874e+02, 1.8729e+03, 7.5605e+01
81273.5, 81274.5, 81274.0, 4.2324e+02, 1.5583e+03, 7.6241e+01
81274.5, 81275.5, 81275.0, 3.0474e+02, 1.1789e+03, 7.7187e+01
81275.5, 81276.5, 81276.0, 2.8562e+02, 1.2001e+03, 7.6785e+01
81276.5, 81277.5, 81277.0, 2.9919e+02, 1.3341e+03, 7.6518e+01
81277.5, 81278.5, 81278.0, 3.8807e+02, 1.7823e+03, 7.5815e+01
81278.5, 81279.5, 81279.0, 4.8257e+02, 1.9490e+03, 7.4851e+01
81279.5, 81280.5, 81280.0, 7.9562e+02, 3.3827e+03, 7.3613e+01
81280.5, 81281.5, 81281.0, 9.2110e+02, 3.2527e+03, 7.3887e+01
81281.5, 81282.5, 81282.0, 6.5444e+02, 2.3886e+03, 7.4171e+01
81282.5, 81283.5, 81283.0, 6.9111e+02, 3.2444e+03, 7.3255e+01
81283.5, 81284.5, 81284.0, 5.7625e+02, 1.7996e+03, 7.5229e+01
81284.5, 81285.5, 81285.0, 2.6604e+02, 1.0404e+03, 7.5498e+01
81285.5, 81286.5, 81286.0, 2.3849e+02, 1.0103e+03, 7.5370e+01
81286.5, 81287.5, 81287.0, 2.5383e+02, 1.0148e+03, 7.5084e+01
81287.5, 81288.5, 81288.0, 2.5275e+02, 1.0047e+03, 7.5824e+01
81288.5, 81289.5, 81289.0, 2.7738e+02, 1.2029e+03, 7.6387e+01
81289.5, 81290.5, 81290.0, 3.0359e+02, 1.1970e+03, 7.6644e+01
81290.5, 81291.5, 81291.0, 2.8471e+02, 1.1974e+03, 7.6795e+01
81291.5, 81292.5, 81292.0, 2.6328e+02, 1.0821e+03, 7.4294e+01
81292.5, 81293.5, 81293.0, 2.1665e+02, 8.5667e+02, 7.3905e+01
81293.5, 81294.5, 81294.0, 2.3425e+02, 9.4965e+02, 7.5418e+01
81294.5, 81295.5, 81295.0, 2.4999e+02, 1.0386e+03, 7.5811e+01
81295.5, 81296.5, 81296.0, 3.3803e+02, 1.4797e+03, 7.4228e+01
81296.5, 81297.5, 81297.0, 4.1341e+02, 1.5481e+03, 7.5063e+01
81297.5, 81298.5, 81298.0, 3.9382e+02, 1.4310e+03, 7.4971e+01
81298.5, 81299.5, 81299.0, 3.1973e+02, 1.2934e+03, 7.5917e+01
81299.5, 81300.5, 81300.0, 2.9049e+02, 1.0550e+03, 7.3939e+01
81300.5, 81301.5, 81301.0, 2.2211e+02, 8.2556e+02, 7.3914e+01
81301.5, 81302.5, 81302.0, 2.1026e+02, 7.9014e+02, 7.3320e+01
81302.5, 81303.5, 81303.0, 2.2398e+02, 9.0577e+02, 7.4392e+01
81303.5, 81304.5, 81304.0, 2.4645e+02, 9.4053e+02, 7.3997e+01
81304.5, 81305.5, 81305.0, 2.7142e+02, 1.0771e+03, 7.3021e+01
81305.5, 81306.5, 81306.0, 2.7601e+02, 1.0381e+03, 7.2101e+01
81306.5, 81307.5, 81307.0, 3.1124e+02, 1.0510e+03, 7.2206e+01
81307.5, 81308.5, 81308.0, 2.1267e+02, 7.7025e+02, 7.2224e+01
81308.5, 81309.5, 81309.0, 2.2855e+02, 8.7945e+02, 7.1592e+01
81309.5, 81310.5, 81310.0, 2.4713e+02, 9.6598e+02, 7.0910e+01
81310.5, 81311.5, 81311.0, 2.2108e+02, 8.5518e+02, 7.0777e+01
81311.5, 81312.5, 81312.0, 1.6467e+02, 5.4382e+02, 6.9730e+01
81312.5, 81313.5, 81313.0, 1.2921e+02, 4.7845e+02, 7.0589e+01
81313.5, 81314.5, 81314.0, 1.3294e+02, 5.5531e+02, 7.1554e+01
81314.5, 81315.5, 81315.0, 1.5104e+02, 6.5588e+02, 7.2096e+01
81315.5, 81316.5, 81316.0, 1.7164e+02, 7.3882e+02, 7.1412e+01
81316.5, 81317.5, 81317.0, 1.5486e+02, 6.1989e+02, 7.1343e+01
81317.5, 81318.5, 81318.0, 1.5376e+02, 6.6583e+02, 7.2141e+01
81318.5, 81319.5, 81319.0, 1.6251e+02, 6.7642e+02, 7.1450e+01
81319.5, 81320.5, 81320.0, 1.5599e+02, 6.8466e+02, 7.1942e+01
81320.5, 81321.5, 81321.0, 1.6203e+02, 7.0906e+02, 7.0853e+01
81321.5, 81322.5, 81322.0, 1.3649e+02, 5.5741e+02, 7.0415e+01
81322.5, 81323.5, 81323.0, 1.2203e+02, 4.8358e+02, 7.0522e+01
81323.5, 81324.5, 81324.0, 1.3082e+02, 5.6555e+02, 6.9886e+01
81324.5, 81325.5, 81325.0, 3.2044e+02, 1.4375e+03, 7.0286e+01
81325.5, 81326.5, 81326.0, 2.9668e+02, 1.0875e+03, 7.0375e+01
81326.5, 81327.5, 81327.0, 1.7564e+02, 6.7071e+02, 7.0946e+01
81327.5, 81328.5, 81328.0, 1.5993e+02, 7.2463e+02, 7.1096e+01
