frappe-C130-PAN_C130_20140731_R0.ict
34, 1001
 Kaser, L.; Flocke, F.M.; Shertz, S.;
NCAR
NCAR PAN-CIMS
FRAPPE
1, 1
2014, 07, 31, 2014, 12, 27
0
Start_UTC, seconds,
3
1,1,1
-9999,-9999,-9999
Stop_UTC, seconds,
PAN, pptv,
PPN, pptv,
0
17
PI_CONTACT_INFO: kaser@ucar.edu, ffl@ucar.edu
PLATFORM: NCAR C130
LOCATION: Latitude, Longitude and Altitude of the C130 can be obtained from other files
ASSOCIATED_DATA: N/A
INSTRUMENT_INFO: PAN-CIMS
DATA_INFO: units are given in pptv
UNCERTAINTY: 13%
ULOD_FLAG: N/A
ULOD_VALUE: N/A
LLOD_FLAG: N/A
LLOD_VALUE: 10pptv
DM_CONTACT_INFO: N/A
PROJECT_INFO: FRAPPE
STIPULATIONS_ON_USE: FINAL DATA. Please contact PI before use/presentation/publication, acknowledge the data source and offer co-authorship to relevant instrument PIs when appropriate.
OTHER_COMMENTS: N/A
REVISION: R0
Start_UTC, Stop_UTC,PAN,PPN
[from data line 1442]
74575, 74576, 1131.9505, 233.5836
74577, 74578, 1046.2938, 211.2821
74579, 74580, 998.6132, 234.6114
74581, 74582, 871.4997, 242.3234
74583, 74584, 1253.1592, 289.8831
74585, 74586, 978.0421, 205.6326
74587, 74588, 848.4926, 248.6261
74589, 74590, 864.9978, 191.5901
74591, 74592, 939.3487, 254.1582
74593, 74594, 930.9451, 251.0233
74595, 74596, 1025.4733, 205.6372
74597, 74598, 917.1982, 218.5670
74599, 74600, 942.9824, 209.2718
74601, 74602, 889.0734, 211.9379
74603, 74604, 843.4835, 216.3112
74605, 74606, 966.7340, 278.6004
74607, 74608, 933.0011, 224.6596
74609, 74610, 867.7649, 220.0826
74611, 74612, 861.9737, 216.2129
74613, 74614, 1072.7195, 266.8809
74615, 74616, 1046.1319, 238.8908
74617, 74618, 969.7762, 236.5035
74619, 74620, 1004.7900, 211.0001
74621, 74622, 959.1238, 207.8128
74623, 74624, 886.4097, 228.3880
74625, 74626, 848.0808, 186.6269
74627, 74628, 731.0384, 198.3350
74629, 74630, 895.1149, 173.9006
74631, 74632, 730.2206, 215.0569
74633, 74634, 961.9590, 194.3163
74635, 74636, 914.9418, 210.4623
74637, 74638, 796.3276, 174.5002
74639, 74640, 806.2987, 193.3286
74641, 74642, 960.9320, 195.6121
74643, 74644, 949.6583, 197.7900
74645, 74646, 718.7326, 208.1565
74647, 74648, 924.9253, 201.5807
74649, 74650, 825.8279, 188.0072
74651, 74652, 893.8834, 207.4520
74653, 74654, 662.1985, 187.3429
74655, 74656, 719.4348, 180.0626
74657, 74658, 883.7669, 201.9983
74659, 74660, 839.8259, 232.4703
74661, 74662, 785.0286, 180.0433
74663, 74664, 907.7515, 238.4641
74665, 74666, 845.5670, 225.1297
74667, 74668, 834.1963, 167.8452
74669, 74670, 896.8394, 202.7702
74671, 74672, 871.7727, 203.9352
74673, 74674, 813.5424, 246.4813
74675, 74676, 843.6992, 218.1590
74677, 74678, 809.1469, 234.3476
74679, 74680, 1011.7551, 207.0565
74681, 74682, 939.1670, 219.9302
74683, 74684, 914.5213, 229.0453
74685, 74686, 789.7719, 228.3671
74687, 74688, 928.4052, 223.3918
74689, 74690, 1008.7502, 235.0420
74691, 74692, 876.0813, 201.7290
74693, 74694, 880.7461, 195.4582
74695, 74696, 781.6008, 177.6835
74697, 74698, 838.6819, 209.6373
74699, 74700, 1007.0243, 176.7519
74701, 74702, 975.7036, 196.1246
74703, 74704, 966.8020, 213.1709
74705, 74706, 942.1797, 210.9945
74707, 74708, 1068.5710, 275.6526
74709, 74710, 924.1597, 233.7178
74711, 74712, 1043.0798, 226.0423
74713, 74714, 1042.5217, 219.8382
74715, 74716, 951.6158, 194.2306
74717, 74718, 977.5766, 240.4617
74719, 74720, 1002.2162, 218.8688
74721, 74722, 801.5330, 232.2003
74723, 74724, 906.5747, 196.3559
74725, 74726, 1103.0909, 291.7460
74727, 74728, 959.8745, 237.2045
74729, 74730, 999.0909, 190.4994
74731, 74732, 962.7397, 199.6714
74733, 74734, 839.8954, 207.7515
74735, 74736, 939.4279, 242.3976
74737, 74738, 1021.0103, 227.1911
74739, 74740, 997.2740, 206.7883
74741, 74742, 871.5092, 224.0563
74743, 74744, 815.9571, 219.6351
74745, 74746, 837.7326, 217.3269
74747, 74748, 865.9361, 186.3681
74749, 74750, 698.3022, 189.8502
74751, 74752, 944.8437, 258.2906
74753, 74754, 953.4133, 196.5015
74755, 74756, 830.3865, 212.3999
74757, 74758, 756.2628, 180.0675
74759, 74760, 941.0906, 192.4873
74761, 74762, 977.1777, 196.6179
74763, 74764, 766.3813, 170.9034
74765, 74766, 906.1046, 226.8931
74767, 74768, 992.7463, 252.4862
74769, 74770, 1006.4098, 196.3262
74771, 74772, 974.0605, 231.3337
74773, 74774, 967.8525, 209.0434
74775, 74776, 1065.6372, 223.2915
74777, 74778, 731.1283, 209.2342
74779, 74780, 899.4845, 177.5840
74781, 74782, 1063.3579, 217.5789
74783, 74784, 987.0458, 250.9117
74785, 74786, 1017.6674, 292.7321
74787, 74788, 954.2049, 219.2188
74789, 74790, 890.0441, 248.9763
74791, 74792, 1147.3613, 217.2489
74793, 74794, 855.0061, 213.8385
74795, 74796, 1019.9800, 251.3067
74797, 74798, 1097.0029, 202.1693
74799, 74800, 932.1754, 254.9546
74801, 74802, 1004.4582, 212.0088
74803, 74804, 887.5816, 277.0837
74805, 74806, 980.3366, 233.5719
74807, 74808, 904.3503, 233.0794
74809, 74810, 950.2080, 215.6102
74811, 74812, 1151.6324, 259.9686
74813, 74814, 978.6545, 264.4006
74815, 74816, 1059.5917, 225.8619
74817, 74818, 1019.6751, 250.1027
74819, 74820, 1037.2093, 253.0238
74821, 74822, 1063.6288, 268.9523
74823, 74824, 1075.1128, 228.1455
74825, 74826, 934.3278, 239.8917
74827, 74828, 873.9248, 206.1041
74829, 74830, 845.4908, 210.6851
74831, 74832, 892.8030, 180.0545
74833, 74834, 937.4069, 262.0731
74835, 74836, 804.2035, 190.8795
74837, 74838, 752.6255, 178.6491
74839, 74840, 830.6853, 212.2662
74841, 74842, 799.3765, 228.4021
74843, 74844, 724.3296, 190.8301
74845, 74846, 816.4892, 200.7775
74847, 74848, 915.1422, 213.0322
74849, 74850, 825.6312, 163.6825
74851, 74852, 809.4682, 153.0826
74853, 74854, 733.7475, 230.7097
74855, 74856, 843.9170, 184.6778
74857, 74858, 897.3151, 212.6503
74859, 74860, 956.0911, 191.9843
74861, 74862, 994.8312, 196.4975
74863, 74864, 756.1669, 148.7846
74865, 74866, 628.6766, 182.2028
74867, 74868, 731.9471, 162.5790
74869, 74870, 744.7607, 199.4606
74871, 74872, 673.7686, 166.5719
74873, 74874, 789.2613, 177.6218
74875, 74876, 764.6919, 199.2589
74877, 74878, 857.0656, 217.1782
74879, 74880, 635.8516, 168.6588
74881, 74882, 651.1145, 151.1693
74883, 74884, 597.8297, 142.6036
74885, 74886, 672.1783, 217.2432
74887, 74888, 625.0911, 164.2155
74889, 74890, 599.7496, 186.6121
74891, 74892, 691.8936, 156.5937
74893, 74894, 754.9660, 199.6468
74895, 74896, 774.4707, 161.6364
74897, 74898, 754.0432, 185.1919
74899, 74900, 709.3896, 205.0660
74901, 74902, 709.3166, 164.9561
74903, 74904, 736.4423, 165.4930
74905, 74906, 734.2888, 178.7252
74907, 74908, 763.4158, 161.1600
74909, 74910, 707.5315, 156.6186
74911, 74912, 697.2421, 179.7365
74913, 74914, 815.5473, 207.3871
74915, 74916, 699.6959, 225.5802
74917, 74918, 730.7302, 205.5650
74919, 74920, 685.5301, 186.6146
74921, 74922, 696.3151, 157.4091
74923, 74924, 783.3709, 182.0417
74925, 74926, 629.4421, 149.6814
74927, 74928, 738.9953, 185.9893
74929, 74930, 652.6328, 155.2467
74931, 74932, 659.8862, 215.4912
74933, 74934, 683.9713, 156.0585
74935, 74936, 619.5424, 153.1469
74937, 74938, 827.9324, 212.8968
74939, 74940, 609.2121, 145.5673
74941, 74942, 638.0108, 178.9576
74943, 74944, 735.9985, 183.1832
74945, 74946, 600.8944, 160.3888
74947, 74948, 564.4015, 166.0494
74949, 74950, 667.2818, 178.2963
74951, 74952, 626.6928, 156.3532
74953, 74954, 587.0080, 136.6498
74955, 74956, 658.5656, 171.8202
74957, 74958, 641.2844, 170.2256
74959, 74960, 705.0042, 167.9985
74961, 74962, 714.5405, 195.9588
74963, 74964, 699.2554, 182.3808
74965, 74966, 597.3041, 159.6778
74967, 74968, 623.0643, 172.4067
74969, 74970, 600.0863, 167.6651
74971, 74972, 578.3955, 134.4107
74973, 74974, 689.2101, 189.4668
74975, 74976, 470.9373, 142.6261
74977, 74978, 638.6226, 179.2149
74979, 74980, 660.5820, 148.3183
74981, 74982, 635.1751, 154.8372
74983, 74984, 548.6289, 176.4819
74985, 74986, 594.4746, 166.7429
74987, 74988, 639.9952, 177.9926
74989, 74990, 704.1571, 163.2660
74991, 74992, 797.2783, 169.0145
74993, 74994, 647.2330, 172.7668
74995, 74996, 727.1955, 168.5538
74997, 74998, 539.4177, 161.0550
74999, 75000, 786.3760, 176.1431
75001, 75002, 582.6775, 164.8404
75003, 75004, 666.0849, 174.3815
75005, 75006, 706.3685, 182.8744
75007, 75008, 547.0868, 171.4790
75009, 75010, 646.1621, 163.7537
75011, 75012, 619.3206, 188.9750
75013, 75014, 799.3988, 169.3481
75015, 75016, 700.1870, 228.6582
75017, 75018, 683.1049, 182.1719
75019, 75020, 655.9778, 176.0705
75021, 75022, 705.0479, 144.5719
75023, 75024, 571.7302, 176.1363
75025, 75026, 663.6192, 191.8720
75027, 75028, 654.5241, 183.1836
75029, 75030, 616.4309, 160.1527
75031, 75032, 536.4255, 167.3786
75033, 75034, 576.0315, 181.9754
75035, 75036, 739.2943, 217.1996
75037, 75038, 612.8150, 171.6368
75039, 75040, 623.7749, 175.7405
75041, 75042, 620.8099, 156.4907
75043, 75044, 655.1217, 183.7053
75045, 75046, 528.6135, 176.2693
75047, 75048, 572.3640, 159.8982
75049, 75050, 597.7209, 154.6033
75051, 75052, 609.3497, 143.9254
75053, 75054, 575.8626, 148.0196
75055, 75056, 503.7966, 149.6477
75057, 75058, 490.4294, 130.7448
75059, 75060, 489.0778, 132.2316
75061, 75062, 487.3373, 134.8588
75063, 75064, 513.1789, 123.0586
75065, 75066, 587.9689, 167.0294
75067, 75068, 553.0263, 180.0775
75069, 75070, 468.1883, 132.5735
75071, 75072, 490.7178, 175.7885
75073, 75074, 453.7201, 145.0064
75075, 75076, 590.8693, 170.6220
75077, 75078, 559.9115, 147.1476
75079, 75080, 446.2471, 129.4147
75081, 75082, 507.3465, 152.5256
75083, 75084, 437.8776, 139.4973
75085, 75086, 533.0269, 130.4763
75087, 75088, 545.4355, 143.1556
75089, 75090, 524.5539, 154.6681
75091, 75092, 531.8095, 151.9432
75093, 75094, 473.1454, 157.4023
75095, 75096, 474.6455, 132.0893
75097, 75098, 554.3164, 161.7993
75099, 75100, 438.9110, 129.5854
75101, 75102, 526.4836, 159.2832
75103, 75104, 445.7324, 135.9958
75105, 75106, 462.1710, 151.3671
75107, 75108, 478.3202, 150.8326
75109, 75110, 482.3461, 134.6799
75111, 75112, 476.7921, 119.5999
75113, 75114, 451.7627, 139.2057
75115, 75116, 481.4532, 168.8220
75117, 75118, 548.6137, 147.8545
75119, 75120, 431.1044, 133.7141
75121, 75122, 497.3101, 165.7556
75123, 75124, 455.1703, 160.4758
75125, 75126, 413.2326, 149.4627
75127, 75128, 538.5798, 153.0880
75129, 75130, 500.6100, 157.1448
75131, 75132, 546.3769, 143.7743
75133, 75134, 401.8484, 155.9679
75135, 75136, 534.6106, 143.1543
75137, 75138, 421.9058, 148.0316
75139, 75140, 452.3356, 145.6606
75141, 75142, 459.1017, 135.0856
75143, 75144, 574.3171, 141.8496
75145, 75146, 443.2193, 153.1789
75147, 75148, 534.0788, 135.4152
75149, 75150, 499.1560, 155.5487
75151, 75152, 501.5185, 127.9404
75153, 75154, 536.0948, 131.7649
75155, 75156, 523.6543, 156.8487
75157, 75158, 430.7497, 145.2975
75159, 75160, 527.0997, 123.7181
75161, 75162, 464.8041, 174.1603
75163, 75164, 517.6742, 180.7534
75165, 75166, 538.5104, 152.7253
75167, 75168, 461.4807, 146.1579
75169, 75170, 572.5677, 165.4038
75171, 75172, 511.6906, 145.5294
75173, 75174, 529.3051, 156.5003
75175, 75176, 505.3538, 192.0885
75177, 75178, 485.5924, 141.5227
75179, 75180, 555.9783, 142.4654
75181, 75182, 524.2416, 178.2227
75183, 75184, 533.8909, 128.8720
75185, 75186, 528.3107, 141.4777
75187, 75188, 485.7369, 141.9335
75189, 75190, 505.8875, 155.7792
75191, 75192, 516.4367, 171.7576
75193, 75194, 471.8598, 180.6485
75195, 75196, 531.0397, 144.1481
75197, 75198, 448.6541, 185.9102
75199, 75200, 517.4394, 203.8305
75201, 75202, 449.3179, 148.7908
75203, 75204, 568.0553, 150.4903
75205, 75206, 569.2672, 152.6496
75207, 75208, 586.2594, 149.8639
75209, 75210, 519.5855, 147.8995
75211, 75212, 536.4471, 122.6384
75213, 75214, 493.0658, 131.2741
75215, 75216, 503.6036, 146.2501
75217, 75218, 589.2900, 204.2898
75219, 75220, 465.1160, 145.1750
75221, 75222, 674.3895, 157.2226
75223, 75224, 497.0996, 127.9240
75225, 75226, 612.4345, 174.0552
75227, 75228, 492.5676, 158.9079
75229, 75230, 528.8745, 162.8076
75231, 75232, 520.1039, 176.3359
75233, 75234, 519.9925, 174.4800
75235, 75236, 523.6615, 176.4490
75237, 75238, 617.7219, 147.1123
75239, 75240, 577.8612, 149.3670
75241, 75242, 552.4978, 160.6924
75243, 75244, 448.7218, 122.0382
75245, 75246, 530.0107, 152.5455
75247, 75248, 455.4639, 151.3451
75249, 75250, 403.7526, 127.3598
75251, 75252, 513.6451, 134.0852
75253, 75254, 576.2532, 165.9457
75255, 75256, 416.0937, 144.5127
75257, 75258, 509.2120, 178.1702
75259, 75260, 479.7384, 162.6524
75261, 75262, 534.1715, 147.2074
75263, 75264, 580.0372, 176.6349
75265, 75266, 516.9022, 135.9217
75267, 75268, 506.3144, 128.6519
75269, 75270, 443.2795, 137.4262
75271, 75272, 467.7765, 150.2497
75273, 75274, 531.4855, 146.9241
75275, 75276, 496.1303, 155.1424
75277, 75278, 510.1526, 161.1971
75279, 75280, 490.7698, 134.3907
75281, 75282, 534.4841, 167.5679
75283, 75284, 590.9204, 149.6016
75285, 75286, 596.1727, 174.2516
75287, 75288, 495.2097, 139.2321
75289, 75290, 554.5904, 136.4173
75291, 75292, 486.9291, 175.7857
75293, 75294, 541.6843, 156.7759
75295, 75296, 479.0387, 140.2732
75297, 75298, 435.9258, 159.8436
75299, 75300, 474.1274, 180.2559
75301, 75302, 467.9206, 128.6485
75303, 75304, 615.8555, 158.6722
75305, 75306, 489.5079, 125.9100
75307, 75308, 484.9855, 133.5054
75309, 75310, 507.3379, 174.9626
75311, 75312, 521.4326, 168.1281
75313, 75314, 454.9638, 141.0987
75315, 75316, 501.9887, 145.2614
75317, 75318, 436.0760, 156.4030
75319, 75320, 449.9168, 142.5160
75321, 75322, 512.4926, 149.3046
75323, 75324, 472.5455, 155.7573
75325, 75326, 514.4985, 154.7733
75327, 75328, 490.2922, 142.5041
75329, 75330, 540.7221, 143.6422
75331, 75332, 459.4922, 142.8141
75333, 75334, 539.9451, 153.8271
75335, 75336, 535.6418, 138.5272
75337, 75338, 466.7744, 127.0385
75339, 75340, 474.3289, 144.8791
75341, 75342, 413.0199, 123.3984
75343, 75344, 503.9068, 150.4114
75345, 75346, 433.2184, 163.5357
75347, 75348, 467.7477, 136.1106
75349, 75350, 514.8362, 148.8253
75351, 75352, 515.0087, 127.0926
75353, 75354, 515.2162, 147.0326
75355, 75356, 480.2195, 146.3732
75357, 75358, 493.5397, 135.1649
75359, 75360, 440.4658, 138.4435
75361, 75362, 503.0898, 141.4809
75363, 75364, 497.3612, 171.2170
75365, 75366, 485.5548, 123.5109
75367, 75368, 435.5731, 128.9690
75369, 75370, 477.5810, 152.1737
75371, 75372, 526.4354, 153.9028
75373, 75374, 452.3693, 154.3905
75375, 75376, 487.0039, 193.0026
75377, 75378, 470.1102, 184.0770
75379, 75380, 463.9600, 121.2301
75381, 75382, 497.1653, 154.8061
75383, 75384, 455.4141, 149.5763
75385, 75386, 470.3813, 145.5450
75387, 75388, 478.7760, 148.7968
75389, 75390, 526.2186, 148.3958
75391, 75392, 460.5781, 175.1924
75393, 75394, 464.1726, 153.2312
75395, 75396, 553.8132, 141.2987
75397, 75398, 495.2883, 141.7051
75399, 75400, 485.6697, 133.5342
75401, 75402, 464.7402, 143.0987
75403, 75404, 541.8125, 148.4701
75405, 75406, 568.1598, 176.2424
75407, 75408, 629.9231, 174.7182
75409, 75410, 594.8215, 166.1404
75411, 75412, 595.9910, 163.7593
75413, 75414, 622.1187, 148.3042
75415, 75416, 774.3798, 193.4203
75417, 75418, 600.7863, 159.7026
75419, 75420, 637.3639, 150.0605
75421, 75422, 622.0460, 141.7795
75423, 75424, 595.7566, 158.0719
75425, 75426, 548.5588, 149.9729
75427, 75428, 617.4988, 174.8935
75429, 75430, 695.4922, 203.7449
75431, 75432, 661.7925, 152.2815
75433, 75434, 638.3501, 199.4115
75435, 75436, 706.1027, 153.5145
75437, 75438, 737.7410, 172.3824
75439, 75440, 644.3185, 167.4105
75441, 75442, 668.7617, 171.6216
75443, 75444, 665.5574, 153.2941
75445, 75446, 555.8284, 170.0758
75447, 75448, 581.4526, 200.2444
75449, 75450, 639.5189, 150.5848
75451, 75452, 595.3431, 184.6708
75453, 75454, 560.0089, 169.0888
75455, 75456, 588.9103, 184.1100
75457, 75458, 609.9010, 146.4211
75459, 75460, 587.6535, 153.2774
75461, 75462, 604.1020, 155.0472
75463, 75464, 559.2339, 151.7526
75465, 75466, 540.4944, 117.1205
75467, 75468, 630.4282, 162.2624
75469, 75470, 588.4221, 159.4733
75471, 75472, 497.2593, 141.6647
75473, 75474, 596.1587, 163.4338
75475, 75476, 564.9505, 156.2102
75477, 75478, 598.1533, 177.0189
75479, 75480, 579.4834, 146.4865
75481, 75482, 535.4349, 150.3942
75483, 75484, 581.4305, 129.8567
75485, 75486, 561.5383, 189.5149
75487, 75488, 611.8438, 169.0169
75489, 75490, 581.6178, 173.5082
75491, 75492, 575.9807, 169.2895
75493, 75494, 589.4496, 135.8173
75495, 75496, 635.8177, 170.3626
75497, 75498, 549.7069, 151.1989
75499, 75500, 520.9209, 154.0882
75501, 75502, 514.4621, 175.7098
75503, 75504, 536.2972, 154.7824
75505, 75506, 517.8746, 134.4414
75507, 75508, 540.4191, 148.1729
75509, 75510, 526.4124, 158.7032
75511, 75512, 492.9709, 177.8106
75513, 75514, 438.0189, 178.2441
75515, 75516, 571.1829, 177.0201
75517, 75518, 511.8121, 156.1282
75519, 75520, 515.2715, 128.2884
75521, 75522, 493.5141, 133.3689
75523, 75524, 578.3480, 153.2584
75525, 75526, 540.9181, 152.9516
75527, 75528, 515.2938, 139.7954
75529, 75530, 549.1751, 140.6307
75531, 75532, 551.1209, 157.9077
75533, 75534, 505.6959, 150.1840
75535, 75536, 551.2932, 162.3138
75537, 75538, 474.3324, 137.7275
75539, 75540, 535.6329, 120.0377
