FRAPPE-NH3_C130_20140731_R0.ict
36, 1001
Scott Herndon (herndon@aerodyne.com), Rob Roscioli (roscioli@aerodyne.com), John Nowak (jnowak@aerodyn.com)
Aerodyne Research, Inc.
Aerodyne Dual NH3/HNO3 QCL Instrument
FRAPPE
1, 1
2014, 07, 31, 2014, 12, 18
0
NH3_Starttime, seconds_past_midnight
3
1, 1, 1
-9999, -9999, -9999
NH3_Stoptime, seconds_past_midnight
NH3_Midtime, seconds_past_midnight
NH3_ppbv, ppbv
1
Inlet developed a leak in-flight little data salvagable after 2100
18
PI_CONTACT_INFO: 45 Manning Road, Billerica, MA 01821
PLATFORM: NSF/NCAR C130 Aircraft
LOCATION: Latitude, Longitude, and Altitude of the C-130 can be obtained from other files
ASSOCIATED_DATA: Calibration source measured by UV optical absorption periodically throughout project as in Neuman, J.A. et al., Calibration and Evaluation of Nitric Acid and Ammonia Permeation Tubes by UV Optical Absorption, Environ. Sci. Technol.; 37(13); 2975-2981 doi
INSTRUMENT_INFO: Herndon, S.C., et al., Charcterization of urban pollutant emission fluxes and ambient concentration distributions using a mobile laboratory with rapid response instrumentation, Faraday Discuss. 2005, 130, 327-329. Jimenez, R., et al,. In Atmospheric trace gas measurements using a dual quantum-cascade laser mid-infrared absorption spectrometer, Proc. of SPIE, 2005; Mermelstein, C.; Bour, D., Eds. 2005. McManus, J.B., et al., Application of quantum cascade lasers to high-precision atmospheric trace gas measurements., Opt. Eng., 2010, 39, (11), 111124-111124-11.
DATA_INFO: Units: ppbv
UNCERTAINTY: +/- (22% + 0.84 ppbv) + 0.170 ppbv
ULOD_FLAG: -7777
ULOD_VALUE: N/A
LLOD_FLAG: -8888
LLOD_VALUE: N/A
DM_CONTACT_INFO: Data Manager: Rob Roscioli (roscioli@aerodyne.com), John Nowak (jnowak@aerodyne.com)
PROJECT_INFO: Project Info: 
STIPULATIONS_ON_USE: Use of these data require prior ok from PI.
OTHER_COMMENTS: 1. The 1/e signal decay time after a standard addition calibration of ~25 ppbv is between 1 to 2 seconds depending on flight.  All data submitted at 1 s with this caveat. 2. Accuracy is the combined uncertainty for the in-flight calibrations, the RMS average difference between consecutive instrumental background measurements, and the instrument precision (which is the noise on the individual instrumental background measurements). For the example +/-(22% +0.305 ppbv) +0.058 ppbv, 22% is the calibration uncertainty, 0.305 ppbv is the RMS difference between consectuvie background measurements, and 0.058 ppbv is the instrument precision.
REVISION: R0
R0: Final Data
NH3_Starttime, NH3_Stoptime, NH3_Midtime, NH3_ppbv
[from data line 16702]
88396.500,88397.499,88397.000,-9999.000
88397.500,88398.499,88398.000,-9999.000
88398.500,88399.499,88399.000,-9999.000
88399.500,88400.499,88400.000,-9999.000
88400.500,88401.499,88401.000,-9999.000
88401.500,88402.499,88402.000,-9999.000
88402.500,88403.499,88403.000,-9999.000
88403.500,88404.499,88404.000,-9999.000
88404.500,88405.499,88405.000,-9999.000
88405.500,88406.499,88406.000,-9999.000
88406.500,88407.499,88407.000,-9999.000
88407.500,88408.499,88408.000,-9999.000
88408.500,88409.499,88409.000,-9999.000
88409.500,88410.499,88410.000,-9999.000
88410.500,88411.499,88411.000,-9999.000
88411.500,88412.499,88412.000,-9999.000
88412.500,88413.499,88413.000,-9999.000
88413.500,88414.499,88414.000,-9999.000
88414.500,88415.499,88415.000,-9999.000
88415.500,88416.499,88416.000,-9999.000
88416.500,88417.499,88417.000,-9999.000
88417.500,88418.499,88418.000,-9999.000
88418.500,88419.499,88419.000,-9999.000
88419.500,88420.499,88420.000,-9999.000
88420.500,88421.499,88421.000,-9999.000
88421.500,88422.499,88422.000,-9999.000
88422.500,88423.499,88423.000,-9999.000
88423.500,88424.499,88424.000,-9999.000
88424.500,88425.499,88425.000,-9999.000
88425.500,88426.499,88426.000,-9999.000
88426.500,88427.499,88427.000,-9999.000
88427.500,88428.499,88428.000,-9999.000
88428.500,88429.499,88429.000,-9999.000
88429.500,88430.499,88430.000,-9999.000
88430.500,88431.499,88431.000,-9999.000
88431.500,88432.499,88432.000,-9999.000
88432.500,88433.499,88433.000,-9999.000
88433.500,88434.499,88434.000,-9999.000
88434.500,88435.499,88435.000,-9999.000
88435.500,88436.499,88436.000,-9999.000
88436.500,88437.499,88437.000,-9999.000
88437.500,88438.499,88438.000,-9999.000
88438.500,88439.499,88439.000,-9999.000
88439.500,88440.499,88440.000,-9999.000
88440.500,88441.499,88441.000,-9999.000
88441.500,88442.499,88442.000,-9999.000
88442.500,88443.499,88443.000,-9999.000
88443.500,88444.499,88444.000,-9999.000
88444.500,88445.499,88445.000,-9999.000
88445.500,88446.499,88446.000,-9999.000
88446.500,88447.499,88447.000,-9999.000
88447.500,88448.499,88448.000,-9999.000
88448.500,88449.499,88449.000,-9999.000
88449.500,88450.499,88450.000,-9999.000
88450.500,88451.499,88451.000,-9999.000
88451.500,88452.499,88452.000,-9999.000
88452.500,88453.499,88453.000,-9999.000
88453.500,88454.499,88454.000,-9999.000
88454.500,88455.499,88455.000,-9999.000
88455.500,88456.499,88456.000,-9999.000
88456.500,88457.499,88457.000,-9999.000
88457.500,88458.499,88458.000,-9999.000
88458.500,88459.499,88459.000,-9999.000
88459.500,88460.499,88460.000,-9999.000
88460.500,88461.499,88461.000,-9999.000
88461.500,88462.499,88462.000,-9999.000
88462.500,88463.499,88463.000,-9999.000
88463.500,88464.499,88464.000,-9999.000
88464.500,88465.499,88465.000,-9999.000
88465.500,88466.499,88466.000,-9999.000
88466.500,88467.499,88467.000,-9999.000
88467.500,88468.499,88468.000,-9999.000
88468.500,88469.499,88469.000,-9999.000
88469.500,88470.499,88470.000,-9999.000
88470.500,88471.499,88471.000,-9999.000
88471.500,88472.499,88472.000,-9999.000
88472.500,88473.499,88473.000,-9999.000
88473.500,88474.499,88474.000,-9999.000
88474.500,88475.499,88475.000,-9999.000
88475.500,88476.499,88476.000,-9999.000
88476.500,88477.499,88477.000,-9999.000
88477.500,88478.499,88478.000,-9999.000
88478.500,88479.499,88479.000,-9999.000
88479.500,88480.499,88480.000,-9999.000
88480.500,88481.499,88481.000,-9999.000
88481.500,88482.499,88482.000,-9999.000
88482.500,88483.499,88483.000,-9999.000
88483.500,88484.499,88484.000,-9999.000
88484.500,88485.499,88485.000,-9999.000
88485.500,88486.499,88486.000,-9999.000
88486.500,88487.499,88487.000,-9999.000
88487.500,88488.499,88488.000,-9999.000
88488.500,88489.499,88489.000,-9999.000
88489.500,88490.499,88490.000,-9999.000
88490.500,88491.499,88491.000,-9999.000
88491.500,88492.499,88492.000,-9999.000
88492.500,88493.499,88493.000,-9999.000
88493.500,88494.499,88494.000,-9999.000
88494.500,88495.499,88495.000,-9999.000
88495.500,88496.499,88496.000,-9999.000
88496.500,88497.499,88497.000,-9999.000
88497.500,88498.499,88498.000,-9999.000
88498.500,88499.499,88499.000,-9999.000
88499.500,88500.499,88500.000,-9999.000
88500.500,88501.499,88501.000,-9999.000
88501.500,88502.499,88502.000,-9999.000
88502.500,88503.499,88503.000,-9999.000
88503.500,88504.499,88504.000,-9999.000
88504.500,88505.499,88505.000,-9999.000
88505.500,88506.499,88506.000,-9999.000
88506.500,88507.499,88507.000,-9999.000
88507.500,88508.499,88508.000,-9999.000
88508.500,88509.499,88509.000,-9999.000
88509.500,88510.499,88510.000,-9999.000
88510.500,88511.499,88511.000,-9999.000
88511.500,88512.499,88512.000,-9999.000
88512.500,88513.499,88513.000,-9999.000
88513.500,88514.499,88514.000,-9999.000
88514.500,88515.499,88515.000,-9999.000
88515.500,88516.499,88516.000,-9999.000
88516.500,88517.499,88517.000,-9999.000
88517.500,88518.499,88518.000,-9999.000
88518.500,88519.499,88519.000,-9999.000
88519.500,88520.499,88520.000,-9999.000
88520.500,88521.499,88521.000,-9999.000
88521.500,88522.499,88522.000,-9999.000
88522.500,88523.499,88523.000,-9999.000
88523.500,88524.499,88524.000,-9999.000
88524.500,88525.499,88525.000,-9999.000
88525.500,88526.499,88526.000,-9999.000
88526.500,88527.499,88527.000,-9999.000
88527.500,88528.499,88528.000,-9999.000
88528.500,88529.499,88529.000,-9999.000
88529.500,88530.499,88530.000,-9999.000
88530.500,88531.499,88531.000,-9999.000
88531.500,88532.499,88532.000,-9999.000
88532.500,88533.499,88533.000,-9999.000
88533.500,88534.499,88534.000,-9999.000
88534.500,88535.499,88535.000,-9999.000
88535.500,88536.499,88536.000,-9999.000
88536.500,88537.499,88537.000,-9999.000
88537.500,88538.499,88538.000,-9999.000
88538.500,88539.499,88539.000,-9999.000
88539.500,88540.499,88540.000,-9999.000
88540.500,88541.499,88541.000,-9999.000
88541.500,88542.499,88542.000,-9999.000
88542.500,88543.499,88543.000,-9999.000
88543.500,88544.499,88544.000,-9999.000
88544.500,88545.499,88545.000,-9999.000
88545.500,88546.499,88546.000,-9999.000
88546.500,88547.499,88547.000,-9999.000
88547.500,88548.499,88548.000,-9999.000
88548.500,88549.499,88549.000,-9999.000
88549.500,88550.499,88550.000,-9999.000
88550.500,88551.499,88551.000,-9999.000
88551.500,88552.499,88552.000,-9999.000
88552.500,88553.499,88553.000,-9999.000
88553.500,88554.499,88554.000,-9999.000
88554.500,88555.499,88555.000,-9999.000
88555.500,88556.499,88556.000,-9999.000
88556.500,88557.499,88557.000,-9999.000
88557.500,88558.499,88558.000,-9999.000
88558.500,88559.499,88559.000,-9999.000
88559.500,88560.499,88560.000,-9999.000
88560.500,88561.499,88561.000,-9999.000
88561.500,88562.499,88562.000,-9999.000
88562.500,88563.499,88563.000,-9999.000
88563.500,88564.499,88564.000,-9999.000
88564.500,88565.499,88565.000,-9999.000
88565.500,88566.499,88566.000,-9999.000
88566.500,88567.499,88567.000,-9999.000
88567.500,88568.499,88568.000,-9999.000
88568.500,88569.499,88569.000,-9999.000
88569.500,88570.499,88570.000,-9999.000
88570.500,88571.499,88571.000,-9999.000
88571.500,88572.499,88572.000,-9999.000
88572.500,88573.499,88573.000,-9999.000
88573.500,88574.499,88574.000,-9999.000
88574.500,88575.499,88575.000,-9999.000
88575.500,88576.499,88576.000,-9999.000
88576.500,88577.499,88577.000,-9999.000
88577.500,88578.499,88578.000,-9999.000
88578.500,88579.499,88579.000,-9999.000
88579.500,88580.499,88580.000,-9999.000
88580.500,88581.499,88581.000,-9999.000
88581.500,88582.499,88582.000,-9999.000
88582.500,88583.499,88583.000,-9999.000
88583.500,88584.499,88584.000,-9999.000
88584.500,88585.499,88585.000,-9999.000
88585.500,88586.499,88586.000,-9999.000
88586.500,88587.499,88587.000,-9999.000
88587.500,88588.499,88588.000,-9999.000
88588.500,88589.499,88589.000,-9999.000
88589.500,88590.499,88590.000,-9999.000
88590.500,88591.499,88591.000,-9999.000
88591.500,88592.499,88592.000,-9999.000
88592.500,88593.499,88593.000,-9999.000
88593.500,88594.499,88594.000,-9999.000
88594.500,88595.499,88595.000,-9999.000
88595.500,88596.499,88596.000,-9999.000
88596.500,88597.499,88597.000,-9999.000
88597.500,88598.499,88598.000,-9999.000
88598.500,88599.499,88599.000,-9999.000
88599.500,88600.499,88600.000,-9999.000
88600.500,88601.499,88601.000,-9999.000
88601.500,88602.499,88602.000,-9999.000
88602.500,88603.499,88603.000,-9999.000
88603.500,88604.499,88604.000,-9999.000
88604.500,88605.499,88605.000,-9999.000
88605.500,88606.499,88606.000,-9999.000
88606.500,88607.499,88607.000,-9999.000
88607.500,88608.499,88608.000,-9999.000
88608.500,88609.499,88609.000,-9999.000
88609.500,88610.499,88610.000,-9999.000
88610.500,88611.499,88611.000,-9999.000
88611.500,88612.499,88612.000,-9999.000
88612.500,88613.499,88613.000,-9999.000
88613.500,88614.499,88614.000,-9999.000
88614.500,88615.499,88615.000,-9999.000
88615.500,88616.499,88616.000,-9999.000
88616.500,88617.499,88617.000,-9999.000
88617.500,88618.499,88618.000,-9999.000
88618.500,88619.499,88619.000,-9999.000
88619.500,88620.499,88620.000,-9999.000
88620.500,88621.499,88621.000,-9999.000
88621.500,88622.499,88622.000,-9999.000
88622.500,88623.499,88623.000,-9999.000
88623.500,88624.499,88624.000,-9999.000
88624.500,88625.499,88625.000,-9999.000
88625.500,88626.499,88626.000,-9999.000
88626.500,88627.499,88627.000,-9999.000
88627.500,88628.499,88628.000,-9999.000
88628.500,88629.499,88629.000,-9999.000
88629.500,88630.499,88630.000,-9999.000
88630.500,88631.499,88631.000,-9999.000
88631.500,88632.499,88632.000,-9999.000
88632.500,88633.499,88633.000,-9999.000
88633.500,88634.499,88634.000,-9999.000
88634.500,88635.499,88635.000,-9999.000
88635.500,88636.499,88636.000,-9999.000
88636.500,88637.499,88637.000,-9999.000
88637.500,88638.499,88638.000,-9999.000
88638.500,88639.499,88639.000,-9999.000
88639.500,88640.499,88640.000,-9999.000
88640.500,88641.499,88641.000,-9999.000
88641.500,88642.499,88642.000,-9999.000
88642.500,88643.499,88643.000,-9999.000
88643.500,88644.499,88644.000,-9999.000
88644.500,88645.499,88645.000,-9999.000
88645.500,88646.499,88646.000,-9999.000
88646.500,88647.499,88647.000,-9999.000
88647.500,88648.499,88648.000,-9999.000
88648.500,88649.499,88649.000,-9999.000
88649.500,88650.499,88650.000,-9999.000
88650.500,88651.499,88651.000,-9999.000
88651.500,88652.499,88652.000,-9999.000
88652.500,88653.499,88653.000,-9999.000
88653.500,88654.499,88654.000,-9999.000
88654.500,88655.499,88655.000,-9999.000
88655.500,88656.499,88656.000,-9999.000
88656.500,88657.499,88657.000,-9999.000
88657.500,88658.499,88658.000,-9999.000
88658.500,88659.499,88659.000,-9999.000
88659.500,88660.499,88660.000,-9999.000
88660.500,88661.499,88661.000,-9999.000
88661.500,88662.499,88662.000,-9999.000
88662.500,88663.499,88663.000,-9999.000
88663.500,88664.499,88664.000,-9999.000
88664.500,88665.499,88665.000,-9999.000
88665.500,88666.499,88666.000,-9999.000
88666.500,88667.499,88667.000,-9999.000
88667.500,88668.499,88668.000,-9999.000
88668.500,88669.499,88669.000,-9999.000
88669.500,88670.499,88670.000,-9999.000
88670.500,88671.499,88671.000,-9999.000
88671.500,88672.499,88672.000,-9999.000
88672.500,88673.499,88673.000,-9999.000
88673.500,88674.499,88674.000,-9999.000
88674.500,88675.499,88675.000,-9999.000
88675.500,88676.499,88676.000,-9999.000
88676.500,88677.499,88677.000,-9999.000
88677.500,88678.499,88678.000,-9999.000
88678.500,88679.499,88679.000,-9999.000
88679.500,88680.499,88680.000,-9999.000
88680.500,88681.499,88681.000,-9999.000
88681.500,88682.499,88682.000,-9999.000
88682.500,88683.499,88683.000,-9999.000
88683.500,88684.499,88684.000,-9999.000
88684.500,88685.499,88685.000,-9999.000
88685.500,88686.499,88686.000,-9999.000
88686.500,88687.499,88687.000,-9999.000
88687.500,88688.499,88688.000,-9999.000
88688.500,88689.499,88689.000,-9999.000
88689.500,88690.499,88690.000,-9999.000
88690.500,88691.499,88691.000,-9999.000
88691.500,88692.499,88692.000,-9999.000
88692.500,88693.499,88693.000,-9999.000
88693.500,88694.499,88694.000,-9999.000
88694.500,88695.499,88695.000,-9999.000
88695.500,88696.499,88696.000,-9999.000
88696.500,88697.499,88697.000,-9999.000
88697.500,88698.499,88698.000,-9999.000
88698.500,88699.499,88699.000,-9999.000
88699.500,88700.499,88700.000,-9999.000
88700.500,88701.499,88701.000,-9999.000
88701.500,88702.499,88702.000,-9999.000
88702.500,88703.499,88703.000,-9999.000
88703.500,88704.499,88704.000,-9999.000
88704.500,88705.499,88705.000,-9999.000
88705.500,88706.499,88706.000,-9999.000
88706.500,88707.499,88707.000,-9999.000
88707.500,88708.499,88708.000,-9999.000
88708.500,88709.499,88709.000,-9999.000
88709.500,88710.499,88710.000,-9999.000
88710.500,88711.499,88711.000,-9999.000
88711.500,88712.499,88712.000,-9999.000
88712.500,88713.499,88713.000,-9999.000
88713.500,88714.499,88714.000,-9999.000
88714.500,88715.499,88715.000,-9999.000
88715.500,88716.499,88716.000,-9999.000
88716.500,88717.499,88717.000,-9999.000
88717.500,88718.499,88718.000,-9999.000
88718.500,88719.499,88719.000,-9999.000
88719.500,88720.499,88720.000,-9999.000
88720.500,88721.499,88721.000,-9999.000
88721.500,88722.499,88722.000,-9999.000
88722.500,88723.499,88723.000,-9999.000
88723.500,88724.499,88724.000,-9999.000
88724.500,88725.499,88725.000,-9999.000
88725.500,88726.499,88726.000,-9999.000
88726.500,88727.499,88727.000,-9999.000
88727.500,88728.499,88728.000,-9999.000
88728.500,88729.499,88729.000,-9999.000
88729.500,88730.499,88730.000,-9999.000
88730.500,88731.499,88731.000,-9999.000
88731.500,88732.499,88732.000,-9999.000
88732.500,88733.499,88733.000,-9999.000
88733.500,88734.499,88734.000,-9999.000
88734.500,88735.499,88735.000,-9999.000
88735.500,88736.499,88736.000,-9999.000
88736.500,88737.499,88737.000,-9999.000
88737.500,88738.499,88738.000,-9999.000
88738.500,88739.499,88739.000,-9999.000
88739.500,88740.499,88740.000,-9999.000
88740.500,88741.499,88741.000,-9999.000
88741.500,88742.499,88742.000,-9999.000
88742.500,88743.499,88743.000,-9999.000
88743.500,88744.499,88744.000,-9999.000
88744.500,88745.499,88745.000,-9999.000
88745.500,88746.499,88746.000,-9999.000
88746.500,88747.499,88747.000,-9999.000
88747.500,88748.499,88748.000,-9999.000
88748.500,88749.499,88749.000,-9999.000
88749.500,88750.499,88750.000,-9999.000
88750.500,88751.499,88751.000,-9999.000
88751.500,88752.499,88752.000,-9999.000
88752.500,88753.499,88753.000,-9999.000
88753.500,88754.499,88754.000,-9999.000
88754.500,88755.499,88755.000,-9999.000
88755.500,88756.499,88756.000,-9999.000
88756.500,88757.499,88757.000,-9999.000
88757.500,88758.499,88758.000,-9999.000
88758.500,88759.499,88759.000,-9999.000
88759.500,88760.499,88760.000,-9999.000
88760.500,88761.499,88761.000,-9999.000
88761.500,88762.499,88762.000,-9999.000
88762.500,88763.499,88763.000,-9999.000
88763.500,88764.499,88764.000,-9999.000
88764.500,88765.499,88765.000,-9999.000
88765.500,88766.499,88766.000,-9999.000
88766.500,88767.499,88767.000,-9999.000
88767.500,88768.499,88768.000,-9999.000
88768.500,88769.499,88769.000,-9999.000
88769.500,88770.499,88770.000,-9999.000
88770.500,88771.499,88771.000,-9999.000
88771.500,88772.499,88772.000,-9999.000
88772.500,88773.499,88773.000,-9999.000
88773.500,88774.499,88774.000,-9999.000
88774.500,88775.499,88775.000,-9999.000
88775.500,88776.499,88776.000,-9999.000
88776.500,88777.499,88777.000,-9999.000
88777.500,88778.499,88778.000,-9999.000
88778.500,88779.499,88779.000,-9999.000
88779.500,88780.499,88780.000,-9999.000
88780.500,88781.499,88781.000,-9999.000
88781.500,88782.499,88782.000,-9999.000
88782.500,88783.499,88783.000,-9999.000
88783.500,88784.499,88784.000,-9999.000
88784.500,88785.499,88785.000,-9999.000
88785.500,88786.499,88786.000,-9999.000
88786.500,88787.499,88787.000,-9999.000
88787.500,88788.499,88788.000,-9999.000
88788.500,88789.499,88789.000,-9999.000
88789.500,88790.499,88790.000,-9999.000
88790.500,88791.499,88791.000,-9999.000
88791.500,88792.499,88792.000,-9999.000
88792.500,88793.499,88793.000,-9999.000
88793.500,88794.499,88794.000,-9999.000
88794.500,88795.499,88795.000,-9999.000
